8 10 100
10101010 0000010011
00011100 0111011011
10110101 0000010101
01001000 1000110101
00110001 1111111011
00010011 1000100110
01010000 0111001110
00010110 0000010111
10010000 0111011111
00100111 0111001000
01000000 1111101000
11110001 0000000110
10010100 0111001110
11100010 1111111101
01001100 0111011101
01001010 1111101100
01000000 0111001100
11000100 1111101100
01010000 0000000100
10000110 0000010101
01011010 1111101100
01000100 0111001100
00100101 0111001010
10111011 0000010101
11000110 1000100100
01000000 0000000100
00001011 0000010001
00011010 0111001000
11111011 1000110111
11001001 0000010011
01101010 1000100000
11101001 0000000110
01011001 1111101010
10111101 1000100100
00100001 1000100010
01110000 0111001000
11111100 1000100010
01110001 0111001100
00100100 0111001110
01001001 1111101010
11001011 0111011111
10010000 0000010111
01110111 1111101000
01100011 0111011111
11001110 1111101110
11100000 0111001100
11100111 1111111011
00100000 1111111001
10001000 1111111001
11011101 0000010101
01110001 1111111011
01111110 0000000000
11001011 1000110101
11010001 0111011001
01001011 1111101100
11000100 0111001100
10000111 0111011001
10010000 0000010001
10100001 0000010111
10100101 0000010001
10110111 0111001110
11010101 1000100010
11001011 0000010111
01100110 1000100100
11110001 0111001010
01000011 1111111111
11111100 0000010101
01000001 1000110001
10110100 1111111011
00001000 1111111011
11110110 0000000000
01101100 1000100010
11100101 0000000100
01111110 1111111111
11110001 0000010001
01110100 1111111011
01011001 0000010111
11001110 1000100110
00111101 1111101000
01011011 0000010101
01011001 1111111001
00111010 1000100010
10100110 1000110001
01110010 0111001010
11110100 1000100000
11100001 0000000110
01100011 1000110001
10011110 1111101000
10111110 1000110011
10110100 1111111001
11111000 0000010011
01010101 1111111111
01011100 0000010111
11110101 1111111001
01111111 0000000110
01111101 1111101000
01010010 0000010001
10101111 0000000110
00010010 0111011111
10101011 0111001000
0 0 0
