95
9
99
999
9999
99999
999999
9999999
99999999
999999999
9999999999
99999999999
999999999999
9999999999999
99999999999999
999999999999999
9999999999999999
99999999999999999
999999999999999999
9999999999999999999
18446744073709551615
8
15
377
7545
92936
858592
9723594
47426546
619899669
5153477951
11691928956
327136584825
2671957239662
81343674669248
782636294397771
1851648871364455
95669885386132521
168411188711151668
6127534389735767331
4
87
316
2229
25433
182166
2297285
81846831
988625679
7848874217
68628725814
975372639199
6957886461489
32243186554917
839392281953159
7341362869547378
14817745383883696
772992533926622136
9852869636224978447
3
15
259
5188
33657
329693
8694478
56642672
322584255
6757216592
27326982991
177576621592
5926332186886
16968972534137
874757724716222
8531738754229472
72343486986333429
135364565246124497
4435728562187975294
4975459137421854159
4193951892625111296
6769482131642246682
7619653464591784692
3936958917518667348
7657181819578395374
2549538853613565812
4979271146452874934
7782677592674426971
8271132762439846367
5652164523527724937
9472818734968176672
9834828589544146596
1537134769222815177
9841289475834962265
6199732158533727391
9181581218144364185
3674189687679495912
