9
4 4
1
2
2
1
1 3 2
2 4 2
1 2 1
3 4 2
25 40
1
1
2
1
1
2
1
1
2
2
2
2
2
2
1
1
1
1
1
1
1
1
1
2
1
1 6 2
6 11 2
11 16 2
16 21 2
2 7 2
7 12 2
12 17 1
17 22 1
3 8 1
8 13 2
13 18 1
18 23 1
4 9 1
9 14 1
14 19 2
19 24 1
5 10 1
10 15 1
15 20 2
20 25 1
1 2 1
2 3 1
3 4 1
4 5 1
6 7 1
7 8 2
8 9 2
9 10 1
11 12 1
12 13 1
13 14 1
14 15 1
16 17 1
17 18 1
18 19 2
19 20 2
21 22 1
22 23 1
23 24 1
24 25 2
100 180
3
4
6
4
7
6
6
4
1
9
1
2
6
4
9
3
5
10
8
4
8
2
9
6
8
9
1
4
3
7
10
2
6
9
10
7
5
9
10
1
10
5
6
5
2
7
1
5
4
5
1
2
4
3
5
3
7
4
7
8
1
2
7
10
10
6
5
2
2
4
5
5
2
8
5
1
7
1
1
1
6
5
10
6
6
6
5
9
8
10
8
3
9
7
1
10
2
9
6
1
1 11 3
11 21 3
21 31 3
31 41 7
41 51 2
51 61 3
61 71 3
71 81 6
81 91 9
2 12 7
12 22 6
22 32 10
32 42 7
42 52 4
52 62 7
62 72 6
72 82 9
82 92 8
3 13 7
13 23 3
23 33 5
33 43 10
43 53 10
53 63 2
63 73 1
73 83 6
83 93 7
4 14 7
14 24 1
24 34 8
34 44 3
44 54 9
54 64 1
64 74 7
74 84 3
84 94 3
5 15 1
15 25 1
25 35 8
35 45 2
45 55 9
55 65 9
65 75 1
75 85 1
85 95 8
6 16 10
16 26 10
26 36 1
36 46 8
46 56 9
56 66 9
66 76 2
76 86 9
86 96 7
7 17 7
17 27 9
27 37 1
37 47 4
47 57 5
57 67 1
67 77 9
77 87 8
87 97 5
8 18 5
18 28 9
28 38 5
38 48 7
48 58 3
58 68 1
68 78 3
78 88 4
88 98 7
9 19 5
19 29 3
29 39 5
39 49 10
49 59 9
59 69 6
69 79 10
79 89 2
89 99 6
10 20 5
20 30 5
30 40 6
40 50 8
50 60 4
60 70 6
70 80 8
80 90 6
90 100 4
1 2 7
2 3 2
3 4 4
4 5 6
5 6 7
6 7 6
7 8 9
8 9 1
9 10 6
11 12 10
12 13 4
13 14 10
14 15 9
15 16 1
16 17 10
17 18 3
18 19 7
19 20 10
21 22 6
22 23 2
23 24 5
24 25 8
25 26 4
26 27 5
27 28 8
28 29 3
29 30 4
31 32 7
32 33 1
33 34 6
34 35 9
35 36 2
36 37 1
37 38 1
38 39 2
39 40 5
41 42 1
42 43 3
43 44 6
44 45 6
45 46 2
46 47 9
47 48 2
48 49 4
49 50 9
51 52 4
52 53 4
53 54 8
54 55 4
55 56 4
56 57 8
57 58 9
58 59 6
59 60 9
61 62 8
62 63 4
63 64 4
64 65 10
65 66 1
66 67 6
67 68 10
68 69 8
69 70 1
71 72 10
72 73 10
73 74 6
74 75 6
75 76 2
76 77 3
77 78 8
78 79 8
79 80 2
81 82 8
82 83 6
83 84 9
84 85 8
85 86 1
86 87 3
87 88 5
88 89 6
89 90 6
91 92 2
92 93 5
93 94 3
94 95 8
95 96 2
96 97 3
97 98 1
98 99 3
99 100 8
100 180
45
23
10
99
32
53
86
74
45
20
50
26
84
84
8
78
18
13
32
37
20
29
18
18
12
13
77
29
78
54
81
5
95
64
32
39
87
81
46
97
25
8
81
5
63
52
67
41
50
67
76
7
53
39
40
56
100
96
38
30
89
27
17
19
78
76
37
16
21
24
72
95
28
86
51
98
45
71
72
19
31
44
60
37
9
55
4
81
58
88
78
86
90
71
59
54
44
58
52
36
1 11 90
11 21 22
21 31 78
31 41 4
41 51 38
51 61 4
61 71 54
71 81 17
81 91 23
2 12 71
12 22 51
22 32 43
32 42 92
42 52 6
52 62 63
62 72 100
72 82 77
82 92 25
3 13 1
13 23 17
23 33 62
33 43 65
43 53 49
53 63 80
63 73 10
73 83 59
83 93 99
4 14 29
14 24 8
24 34 49
34 44 96
44 54 29
54 64 47
64 74 15
74 84 8
84 94 56
5 15 32
15 25 98
25 35 81
35 45 80
45 55 6
55 65 10
65 75 61
75 85 80
85 95 39
6 16 97
16 26 94
26 36 65
36 46 30
46 56 8
56 66 8
66 76 23
76 86 84
86 96 41
7 17 19
17 27 13
27 37 34
37 47 30
47 57 37
57 67 2
67 77 74
77 87 78
87 97 85
8 18 38
18 28 65
28 38 59
38 48 25
48 58 57
58 68 73
68 78 24
78 88 88
88 98 78
9 19 72
19 29 14
29 39 82
39 49 98
49 59 80
59 69 62
69 79 43
79 89 76
89 99 84
10 20 76
20 30 28
30 40 72
40 50 32
50 60 69
60 70 43
70 80 82
80 90 32
90 100 39
1 2 83
2 3 21
3 4 76
4 5 29
5 6 66
6 7 72
7 8 87
8 9 75
9 10 68
11 12 68
12 13 68
13 14 6
14 15 25
15 16 83
16 17 49
17 18 23
18 19 20
19 20 15
21 22 18
22 23 65
23 24 45
24 25 98
25 26 37
26 27 65
27 28 29
28 29 57
29 30 36
31 32 21
32 33 80
33 34 44
34 35 15
35 36 34
36 37 92
37 38 3
38 39 7
39 40 67
41 42 55
42 43 70
43 44 37
44 45 42
45 46 3
46 47 53
47 48 7
48 49 80
49 50 100
51 52 63
52 53 75
53 54 51
54 55 23
55 56 47
56 57 51
57 58 24
58 59 56
59 60 69
61 62 5
62 63 34
63 64 16
64 65 82
65 66 28
66 67 98
67 68 64
68 69 58
69 70 59
71 72 73
72 73 83
73 74 72
74 75 33
75 76 7
76 77 16
77 78 48
78 79 83
79 80 92
81 82 60
82 83 69
83 84 33
84 85 78
85 86 38
86 87 40
87 88 21
88 89 49
89 90 99
91 92 65
92 93 7
93 94 93
94 95 31
95 96 55
96 97 78
97 98 12
98 99 13
99 100 32
625 1200
2
2
2
1
2
2
1
2
1
2
2
1
2
2
1
1
2
2
2
2
2
1
2
1
2
1
1
1
1
1
2
2
1
2
1
1
1
1
2
1
2
2
2
2
2
2
1
1
1
1
1
1
1
1
1
1
1
2
1
1
1
1
1
1
2
1
1
2
1
2
1
2
2
2
1
2
1
2
2
2
2
1
2
2
1
1
2
2
1
1
2
1
1
1
1
1
2
1
2
2
2
1
2
1
1
1
2
2
1
1
2
1
2
1
1
2
1
1
2
1
2
1
1
1
1
2
1
2
2
2
1
2
2
1
2
1
1
1
2
2
1
2
1
2
2
1
2
2
1
2
2
1
1
2
2
1
2
2
2
2
1
1
2
2
2
2
2
1
1
1
1
1
1
2
1
1
2
2
1
2
1
1
2
1
2
1
1
1
1
1
1
1
1
1
2
2
1
2
1
2
1
1
2
2
1
1
2
1
1
2
1
1
1
1
2
1
2
2
2
1
1
2
1
2
2
1
2
2
1
2
2
2
1
2
2
2
1
1
1
1
2
2
2
2
2
1
1
1
1
1
2
2
1
1
1
2
2
1
1
1
2
1
1
2
1
2
1
1
1
2
1
1
1
1
2
1
2
2
2
1
1
2
2
2
1
1
1
1
2
1
1
2
2
2
2
1
1
2
1
2
1
2
1
1
2
2
2
2
1
2
1
2
2
2
2
2
1
1
2
1
2
1
2
2
1
1
2
2
2
2
2
1
2
2
2
2
2
2
2
1
1
2
2
2
1
2
1
2
2
2
1
2
1
2
1
2
1
1
2
1
1
2
1
1
1
2
1
2
2
2
2
2
1
2
2
1
2
1
1
2
1
1
1
1
1
2
1
2
2
1
2
2
2
2
2
1
1
2
1
2
2
1
1
2
2
2
1
1
1
1
2
1
2
1
1
2
2
2
2
1
2
2
2
1
1
1
1
1
1
1
1
1
2
2
1
2
2
2
1
2
1
1
1
2
1
1
1
2
1
2
1
2
2
2
1
1
2
2
1
1
1
2
1
1
2
2
2
2
1
1
2
2
2
2
2
1
1
2
2
2
2
2
2
2
2
1
1
2
2
1
2
2
1
1
1
1
1
2
2
2
2
1
1
2
2
2
1
2
1
1
1
1
1
1
2
1
2
2
1
1
1
1
1
2
2
1
1
1
2
1
2
2
2
1
2
1
2
2
2
1
2
1
1
1
2
2
2
2
1
1
2
1
1
1
2
2
2
1
1
2
1
2
2
2
2
1
2
2
1
2
2
1
2
1
1
1
1
2
2
2
2
2
2
1
1
1
1
2
1
2
1
2
2
1
1
2
2
1
2
2
1
1
2
2
1
2
1
1
2
2
2
2
1
1
2
1
2
1
2
1
1
1
1
1
2
1 26 1
26 51 1
51 76 2
76 101 2
101 126 1
126 151 1
151 176 1
176 201 1
201 226 1
226 251 2
251 276 1
276 301 2
301 326 2
326 351 1
351 376 1
376 401 1
401 426 1
426 451 2
451 476 2
476 501 2
501 526 2
526 551 2
551 576 1
576 601 1
2 27 2
27 52 2
52 77 1
77 102 1
102 127 2
127 152 1
152 177 1
177 202 2
202 227 1
227 252 2
252 277 2
277 302 2
302 327 2
327 352 2
352 377 1
377 402 2
402 427 2
427 452 1
452 477 1
477 502 2
502 527 1
527 552 1
552 577 2
577 602 2
3 28 1
28 53 2
53 78 1
78 103 2
103 128 2
128 153 2
153 178 1
178 203 2
203 228 1
228 253 2
253 278 1
278 303 1
303 328 1
328 353 1
353 378 2
378 403 1
403 428 1
428 453 1
453 478 1
478 503 1
503 528 1
528 553 1
553 578 1
578 603 1
4 29 2
29 54 2
54 79 1
79 104 2
104 129 1
129 154 2
154 179 1
179 204 1
204 229 2
229 254 2
254 279 1
279 304 2
304 329 2
329 354 2
354 379 1
379 404 1
404 429 2
429 454 2
454 479 2
479 504 1
504 529 2
529 554 2
554 579 1
579 604 2
5 30 2
30 55 2
55 80 1
80 105 1
105 130 2
130 155 2
155 180 2
180 205 2
205 230 1
230 255 1
255 280 1
280 305 2
305 330 1
330 355 1
355 380 1
380 405 1
405 430 2
430 455 1
455 480 1
480 505 1
505 530 1
530 555 2
555 580 2
580 605 2
6 31 2
31 56 1
56 81 1
81 106 2
106 131 2
131 156 2
156 181 1
181 206 2
206 231 1
231 256 1
256 281 1
281 306 2
306 331 1
331 356 1
356 381 1
381 406 1
406 431 1
431 456 1
456 481 1
481 506 1
506 531 1
531 556 2
556 581 2
581 606 2
7 32 1
32 57 1
57 82 1
82 107 2
107 132 2
132 157 2
157 182 2
182 207 2
207 232 1
232 257 2
257 282 1
282 307 1
307 332 2
332 357 2
357 382 1
382 407 1
407 432 2
432 457 1
457 482 2
482 507 2
507 532 2
532 557 2
557 582 2
582 607 1
8 33 2
33 58 1
58 83 1
83 108 1
108 133 1
133 158 1
158 183 1
183 208 2
208 233 1
233 258 2
258 283 1
283 308 1
308 333 2
333 358 2
358 383 2
383 408 1
408 433 2
433 458 2
458 483 2
483 508 2
508 533 2
533 558 2
558 583 1
583 608 1
9 34 2
34 59 2
59 84 2
84 109 2
109 134 2
134 159 1
159 184 1
184 209 1
209 234 1
234 259 2
259 284 2
284 309 2
309 334 2
334 359 1
359 384 2
384 409 1
409 434 1
434 459 2
459 484 2
484 509 2
509 534 1
534 559 2
559 584 2
584 609 1
10 35 1
35 60 1
60 85 2
85 110 1
110 135 2
135 160 2
160 185 2
185 210 1
210 235 1
235 260 1
260 285 2
285 310 1
310 335 1
335 360 1
360 385 1
385 410 1
410 435 1
435 460 2
460 485 1
485 510 2
510 535 2
535 560 1
560 585 1
585 610 1
11 36 1
36 61 2
61 86 1
86 111 1
111 136 1
136 161 1
161 186 2
186 211 2
211 236 1
236 261 2
261 286 2
286 311 1
311 336 2
336 361 1
361 386 1
386 411 1
411 436 2
436 461 1
461 486 1
486 511 2
511 536 1
536 561 2
561 586 2
586 611 1
12 37 2
37 62 1
62 87 1
87 112 1
112 137 2
137 162 2
162 187 1
187 212 2
212 237 2
237 262 1
262 287 1
287 312 2
312 337 1
337 362 2
362 387 1
387 412 2
412 437 1
437 462 2
462 487 1
487 512 2
512 537 1
537 562 1
562 587 1
587 612 1
13 38 2
38 63 2
63 88 1
88 113 1
113 138 1
138 163 1
163 188 1
188 213 2
213 238 2
238 263 2
263 288 1
288 313 2
313 338 1
338 363 1
363 388 2
388 413 1
413 438 1
438 463 1
463 488 1
488 513 2
513 538 1
538 563 2
563 588 1
588 613 1
14 39 2
39 64 2
64 89 1
89 114 2
114 139 1
139 164 2
164 189 2
189 214 2
214 239 2
239 264 2
264 289 2
289 314 1
314 339 1
339 364 2
364 389 1
389 414 2
414 439 2
439 464 2
464 489 2
489 514 1
514 539 2
539 564 2
564 589 1
589 614 2
15 40 1
40 65 2
65 90 1
90 115 2
115 140 2
140 165 2
165 190 1
190 215 2
215 240 2
240 265 2
265 290 1
290 315 1
315 340 2
340 365 2
365 390 2
390 415 1
415 440 2
440 465 1
465 490 2
490 515 2
515 540 2
540 565 1
565 590 1
590 615 2
16 41 1
41 66 1
66 91 2
91 116 2
116 141 2
141 166 1
166 191 1
191 216 2
216 241 2
241 266 1
266 291 2
291 316 1
316 341 1
341 366 2
366 391 2
391 416 2
416 441 2
441 466 1
466 491 1
491 516 1
516 541 1
541 566 2
566 591 2
591 616 2
17 42 2
42 67 2
67 92 1
92 117 2
117 142 1
142 167 1
167 192 2
192 217 2
217 242 1
242 267 1
267 292 2
292 317 2
317 342 2
342 367 1
367 392 1
392 417 1
417 442 2
442 467 2
467 492 2
492 517 1
517 542 2
542 567 2
567 592 2
592 617 1
18 43 2
43 68 1
68 93 2
93 118 1
118 143 1
143 168 2
168 193 1
193 218 2
218 243 1
243 268 1
268 293 1
293 318 1
318 343 1
343 368 1
368 393 1
393 418 2
418 443 1
443 468 2
468 493 1
493 518 1
518 543 1
543 568 2
568 593 2
593 618 2
19 44 2
44 69 2
69 94 2
94 119 2
119 144 2
144 169 1
169 194 2
194 219 2
219 244 2
244 269 2
269 294 1
294 319 1
319 344 1
344 369 2
369 394 2
394 419 1
419 444 2
444 469 1
469 494 2
494 519 1
519 544 1
544 569 1
569 594 1
594 619 2
20 45 2
45 70 1
70 95 2
95 120 1
120 145 2
145 170 2
170 195 2
195 220 2
220 245 2
245 270 2
270 295 1
295 320 2
320 345 2
345 370 1
370 395 2
395 420 1
420 445 1
445 470 1
470 495 1
495 520 1
520 545 1
545 570 1
570 595 1
595 620 1
21 46 2
46 71 2
71 96 1
96 121 1
121 146 2
146 171 1
171 196 2
196 221 2
221 246 1
246 271 1
271 296 1
296 321 2
321 346 1
346 371 2
371 396 1
396 421 2
421 446 2
446 471 2
471 496 1
496 521 1
521 546 2
546 571 2
571 596 2
596 621 2
22 47 1
47 72 1
72 97 2
97 122 2
122 147 1
147 172 1
172 197 2
197 222 1
222 247 2
247 272 2
272 297 2
297 322 2
322 347 1
347 372 1
372 397 1
397 422 2
422 447 2
447 472 1
472 497 1
497 522 2
522 547 1
547 572 1
572 597 1
597 622 2
23 48 1
48 73 1
73 98 1
98 123 1
123 148 1
148 173 2
173 198 1
198 223 1
223 248 1
248 273 2
273 298 1
298 323 1
323 348 1
348 373 2
373 398 2
398 423 1
423 448 1
448 473 2
473 498 1
498 523 2
523 548 2
548 573 1
573 598 2
598 623 1
24 49 1
49 74 2
74 99 2
99 124 2
124 149 1
149 174 1
174 199 2
199 224 1
224 249 1
249 274 2
274 299 1
299 324 2
324 349 1
349 374 1
374 399 1
399 424 2
424 449 1
449 474 2
474 499 1
499 524 1
524 549 1
549 574 2
574 599 1
599 624 2
25 50 2
50 75 1
75 100 1
100 125 1
125 150 2
150 175 2
175 200 1
200 225 2
225 250 2
250 275 2
275 300 2
300 325 2
325 350 2
350 375 2
375 400 2
400 425 1
425 450 2
450 475 1
475 500 1
500 525 1
525 550 1
550 575 1
575 600 2
600 625 2
1 2 1
2 3 2
3 4 1
4 5 1
5 6 2
6 7 2
7 8 1
8 9 2
9 10 1
10 11 2
11 12 2
12 13 1
13 14 2
14 15 1
15 16 1
16 17 1
17 18 1
18 19 1
19 20 2
20 21 1
21 22 2
22 23 2
23 24 2
24 25 1
26 27 2
27 28 1
28 29 1
29 30 2
30 31 1
31 32 1
32 33 1
33 34 2
34 35 1
35 36 1
36 37 1
37 38 2
38 39 1
39 40 2
40 41 2
41 42 2
42 43 2
43 44 1
44 45 1
45 46 2
46 47 1
47 48 1
48 49 2
49 50 2
51 52 2
52 53 1
53 54 2
54 55 1
55 56 1
56 57 2
57 58 1
58 59 2
59 60 1
60 61 1
61 62 1
62 63 2
63 64 2
64 65 2
65 66 1
66 67 1
67 68 1
68 69 1
69 70 1
70 71 1
71 72 1
72 73 2
73 74 1
74 75 2
76 77 1
77 78 1
78 79 2
79 80 1
80 81 1
81 82 2
82 83 2
83 84 2
84 85 2
85 86 1
86 87 1
87 88 1
88 89 2
89 90 1
90 91 2
91 92 1
92 93 1
93 94 1
94 95 1
95 96 2
96 97 2
97 98 1
98 99 2
99 100 1
101 102 2
102 103 2
103 104 1
104 105 1
105 106 1
106 107 2
107 108 1
108 109 1
109 110 2
110 111 1
111 112 2
112 113 2
113 114 1
114 115 2
115 116 2
116 117 1
117 118 1
118 119 2
119 120 1
120 121 1
121 122 2
122 123 1
123 124 2
124 125 1
126 127 1
127 128 1
128 129 1
129 130 2
130 131 1
131 132 2
132 133 1
133 134 2
134 135 2
135 136 1
136 137 1
137 138 2
138 139 1
139 140 1
140 141 2
141 142 2
142 143 2
143 144 2
144 145 2
145 146 2
146 147 2
147 148 1
148 149 1
149 150 2
151 152 1
152 153 2
153 154 1
154 155 2
155 156 2
156 157 1
157 158 2
158 159 2
159 160 1
160 161 1
161 162 2
162 163 1
163 164 1
164 165 1
165 166 2
166 167 2
167 168 1
168 169 1
169 170 2
170 171 1
171 172 1
172 173 1
173 174 2
174 175 2
176 177 1
177 178 2
178 179 2
179 180 1
180 181 1
181 182 1
182 183 1
183 184 2
184 185 1
185 186 2
186 187 2
187 188 2
188 189 2
189 190 2
190 191 2
191 192 2
192 193 1
193 194 2
194 195 1
195 196 1
196 197 1
197 198 1
198 199 1
199 200 1
201 202 1
202 203 1
203 204 2
204 205 1
205 206 1
206 207 2
207 208 2
208 209 1
209 210 2
210 211 2
211 212 1
212 213 2
213 214 1
214 215 1
215 216 2
216 217 2
217 218 1
218 219 1
219 220 1
220 221 2
221 222 1
222 223 2
223 224 2
224 225 2
226 227 2
227 228 2
228 229 1
229 230 2
230 231 2
231 232 2
232 233 2
233 234 2
234 235 2
235 236 2
236 237 1
237 238 2
238 239 1
239 240 2
240 241 1
241 242 2
242 243 1
243 244 1
244 245 1
245 246 1
246 247 1
247 248 2
248 249 2
249 250 1
251 252 2
252 253 1
253 254 1
254 255 1
255 256 1
256 257 1
257 258 2
258 259 2
259 260 2
260 261 2
261 262 2
262 263 2
263 264 2
264 265 1
265 266 1
266 267 2
267 268 1
268 269 1
269 270 1
270 271 1
271 272 2
272 273 1
273 274 2
274 275 1
276 277 1
277 278 2
278 279 2
279 280 1
280 281 1
281 282 1
282 283 1
283 284 1
284 285 2
285 286 2
286 287 2
287 288 1
288 289 1
289 290 2
290 291 2
291 292 1
292 293 2
293 294 1
294 295 2
295 296 2
296 297 2
297 298 2
298 299 1
299 300 1
301 302 2
302 303 2
303 304 2
304 305 1
305 306 2
306 307 1
307 308 2
308 309 1
309 310 1
310 311 2
311 312 2
312 313 1
313 314 1
314 315 1
315 316 2
316 317 1
317 318 1
318 319 1
319 320 1
320 321 1
321 322 1
322 323 2
323 324 2
324 325 1
326 327 2
327 328 2
328 329 1
329 330 2
330 331 1
331 332 2
332 333 1
333 334 2
334 335 2
335 336 2
336 337 2
337 338 2
338 339 1
339 340 2
340 341 2
341 342 1
342 343 2
343 344 2
344 345 1
345 346 1
346 347 1
347 348 1
348 349 2
349 350 1
351 352 2
352 353 1
353 354 2
354 355 2
355 356 1
356 357 2
357 358 2
358 359 2
359 360 1
360 361 1
361 362 2
362 363 1
363 364 1
364 365 1
365 366 1
366 367 2
367 368 1
368 369 1
369 370 1
370 371 1
371 372 2
372 373 2
373 374 2
374 375 2
376 377 1
377 378 1
378 379 1
379 380 1
380 381 1
381 382 2
382 383 1
383 384 2
384 385 2
385 386 1
386 387 1
387 388 1
388 389 1
389 390 1
390 391 2
391 392 2
392 393 1
393 394 2
394 395 2
395 396 1
396 397 2
397 398 1
398 399 1
399 400 2
401 402 1
402 403 2
403 404 1
404 405 2
405 406 1
406 407 2
407 408 1
408 409 2
409 410 2
410 411 1
411 412 2
412 413 1
413 414 2
414 415 2
415 416 2
416 417 1
417 418 1
418 419 2
419 420 1
420 421 1
421 422 2
422 423 1
423 424 1
424 425 2
426 427 1
427 428 2
428 429 2
429 430 1
430 431 2
431 432 2
432 433 2
433 434 2
434 435 1
435 436 2
436 437 2
437 438 1
438 439 2
439 440 2
440 441 1
441 442 2
442 443 1
443 444 1
444 445 2
445 446 2
446 447 1
447 448 2
448 449 1
449 450 1
451 452 1
452 453 2
453 454 1
454 455 2
455 456 2
456 457 2
457 458 1
458 459 1
459 460 2
460 461 1
461 462 1
462 463 2
463 464 2
464 465 2
465 466 2
466 467 1
467 468 2
468 469 1
469 470 1
470 471 2
471 472 1
472 473 2
473 474 1
474 475 2
476 477 1
477 478 1
478 479 2
479 480 2
480 481 1
481 482 2
482 483 1
483 484 1
484 485 1
485 486 1
486 487 1
487 488 1
488 489 2
489 490 1
490 491 2
491 492 2
492 493 2
493 494 2
494 495 2
495 496 2
496 497 2
497 498 2
498 499 1
499 500 1
501 502 1
502 503 2
503 504 1
504 505 1
505 506 1
506 507 2
507 508 2
508 509 2
509 510 1
510 511 1
511 512 2
512 513 1
513 514 1
514 515 2
515 516 2
516 517 1
517 518 2
518 519 1
519 520 1
520 521 1
521 522 1
522 523 1
523 524 1
524 525 1
526 527 1
527 528 2
528 529 1
529 530 1
530 531 1
531 532 2
532 533 2
533 534 2
534 535 1
535 536 1
536 537 2
537 538 2
538 539 1
539 540 2
540 541 2
541 542 2
542 543 1
543 544 2
544 545 1
545 546 1
546 547 1
547 548 1
548 549 1
549 550 1
551 552 2
552 553 1
553 554 1
554 555 2
555 556 2
556 557 2
557 558 2
558 559 1
559 560 1
560 561 1
561 562 2
562 563 1
563 564 1
564 565 2
565 566 1
566 567 1
567 568 1
568 569 2
569 570 2
570 571 2
571 572 1
572 573 1
573 574 2
574 575 1
576 577 1
577 578 1
578 579 1
579 580 2
580 581 2
581 582 2
582 583 2
583 584 1
584 585 2
585 586 1
586 587 1
587 588 1
588 589 2
589 590 2
590 591 1
591 592 1
592 593 2
593 594 2
594 595 2
595 596 1
596 597 2
597 598 1
598 599 1
599 600 1
601 602 1
602 603 1
603 604 1
604 605 1
605 606 2
606 607 2
607 608 2
608 609 1
609 610 2
610 611 2
611 612 2
612 613 1
613 614 2
614 615 1
615 616 1
616 617 1
617 618 2
618 619 2
619 620 2
620 621 2
621 622 2
622 623 1
623 624 2
624 625 1
625 1200
8102
8101
3429
2954
2229
1682
4400
6367
3438
3600
4553
2070
5545
8426
5095
9035
3032
8715
8868
5123
8109
9137
3666
4624
5374
3945
3708
4780
874
7276
9486
6069
863
3949
1588
2920
170
3247
4946
4298
3206
8123
5794
829
5847
1901
1881
1782
8914
1340
2755
4872
7013
1415
2022
7038
7865
4693
3557
9592
6013
5845
5507
65
8033
8914
6061
7819
3706
9673
284
6005
7926
2908
3312
9564
9177
7976
8771
4532
2962
5247
4528
1059
1933
6931
7464
214
976
9991
6538
1388
669
3882
3146
5627
2320
2838
1574
7203
7740
5775
7154
8411
3586
4273
8931
613
8786
5534
2143
6271
9498
8400
7910
974
3135
7477
8783
8747
4448
4739
9093
3065
6448
7982
344
3964
2979
1076
9387
1497
4582
9530
8271
7688
3193
1217
4152
4397
4495
6415
4193
1178
3140
1482
932
9209
5749
7991
526
4881
1991
4389
3755
6125
6536
3635
867
3395
3929
723
1165
8298
1972
2983
1771
7560
642
3206
7963
3010
1328
7454
6807
1123
8287
2099
5700
1589
491
6497
7804
5384
3772
1941
308
5007
3919
6267
7792
4794
8709
5998
774
2087
6492
2385
952
5533
7311
4474
6891
9233
8003
5104
983
9163
2813
4718
2575
6075
9402
9124
2681
2139
1625
6019
8409
2770
6098
309
6485
3124
6253
5129
3580
8957
1727
5627
2005
9928
473
3732
6524
830
1013
2527
7504
495
463
8385
4386
3382
438
4614
6138
9272
1391
5790
3601
256
5506
8985
2104
2272
6899
2483
1688
5181
3249
1404
9040
7094
8176
9077
9427
8023
54
372
1165
7174
6183
9009
523
8391
5323
8386
4382
5538
1556
8806
7064
8814
4603
3005
7164
7365
9680
4318
7907
7658
742
7658
2729
1912
4063
9336
8691
4168
2665
7213
1575
910
6171
2276
746
4868
6238
9614
9412
3967
1180
1236
881
9091
29
4905
297
59
5704
8627
1440
5267
7920
4615
957
4116
2564
8137
8683
9459
2624
1086
6326
6007
5125
9956
125
9158
7725
968
2118
6042
3626
9256
2194
5082
8110
8278
9831
7551
4388
6441
7567
6917
9149
2808
7383
3851
5587
3835
624
3398
1871
1719
837
2464
9997
2164
177
8158
9107
7155
9570
6958
7768
5304
1061
5994
354
3454
6830
4621
5141
6006
2228
4966
9503
5650
5969
8871
8944
2598
7450
579
5758
611
9239
7531
1162
2407
9694
5909
1259
3373
6396
6469
6333
6403
4975
4839
2854
7365
9865
7565
8482
5435
9754
481
2670
2655
3480
1392
6748
8444
4323
2120
2835
3312
673
2700
8172
155
4005
4093
9924
8831
1787
7192
4317
2925
5835
281
886
8341
5718
375
326
549
3479
456
5353
6159
7546
9227
2811
2983
7958
9081
4864
723
748
8807
1376
7711
8910
4869
4604
7116
8776
4625
8365
6338
8737
9710
7200
4529
7839
6604
9892
7469
511
8756
4037
919
9601
4246
4024
4279
1586
6557
8722
5281
3954
8697
3930
5230
3247
1675
8886
8593
131
3257
7063
6769
9615
2072
2674
24
916
4676
3897
8949
6686
2584
9428
9686
16
3105
7135
3716
9128
9452
9210
6441
6770
5538
8676
9317
3623
6531
5432
7703
264
3242
5285
3967
5393
5048
6954
9245
587
9468
4208
6581
2913
8874
4198
6446
333
7752
8644
4988
6455
5125
3913
2040
6985
540
6864
2560
1860
5774
1205
1406
3284
245
3818
4201
9722
8239
2469
4655
2167
5788
4557
2457
6496
4596
424
6490
1850
976
2950
8397
9822
9723
3104
5682
963
5846
6485
2929
1092
5159
7248
4395
9771
1100
6914
5469
3845
8652
8187
2847
3316
3609
2128
1971
5152
3080
8149
1167
5637
1788
935
7113
3820
3760
8015
9226
7388
2335
2336
1 26 7491
26 51 5588
51 76 8588
76 101 417
101 126 8448
126 151 1618
151 176 6476
176 201 8960
201 226 2279
226 251 6213
251 276 5741
276 301 9840
301 326 3826
326 351 616
351 376 9552
376 401 811
401 426 5652
426 451 9257
451 476 6784
476 501 1211
501 526 6423
526 551 6892
551 576 5242
576 601 1840
2 27 3790
27 52 4675
52 77 10
77 102 443
102 127 4439
127 152 9686
152 177 6854
177 202 1208
202 227 5590
227 252 3912
252 277 2199
277 302 5503
302 327 4290
327 352 8961
352 377 6540
377 402 9575
402 427 1118
427 452 3576
452 477 4214
477 502 278
502 527 6619
527 552 7679
552 577 6264
577 602 4341
3 28 5337
28 53 1221
53 78 7572
78 103 5195
103 128 6869
128 153 9514
153 178 768
178 203 4687
203 228 4845
228 253 4680
253 278 3985
278 303 7766
303 328 486
328 353 6221
353 378 9688
378 403 1061
403 428 9428
428 453 4173
453 478 4987
478 503 5671
503 528 1366
528 553 8881
553 578 3670
578 603 3530
4 29 7767
29 54 7730
54 79 8781
79 104 8694
104 129 6736
129 154 7373
154 179 710
179 204 7273
204 229 6241
229 254 3422
254 279 1604
279 304 3526
304 329 1618
329 354 9973
354 379 4739
379 404 1157
404 429 7397
429 454 2476
454 479 93
479 504 6380
504 529 2109
529 554 7804
554 579 2660
579 604 1561
5 30 8579
30 55 1276
55 80 3650
80 105 744
105 130 1429
130 155 7568
155 180 3694
180 205 3801
205 230 4427
230 255 835
255 280 2361
280 305 993
305 330 7920
330 355 6616
355 380 9629
380 405 1636
405 430 9957
430 455 2963
455 480 5754
480 505 7989
505 530 8973
530 555 4886
555 580 2816
580 605 1444
6 31 2620
31 56 8627
56 81 6591
81 106 674
106 131 9421
131 156 3203
156 181 7311
181 206 2296
206 231 5324
231 256 5687
256 281 1669
281 306 840
306 331 9307
331 356 7061
356 381 3875
381 406 1907
406 431 4620
431 456 9020
456 481 4241
481 506 9096
506 531 7508
531 556 251
556 581 3422
581 606 6824
7 32 2888
32 57 9225
57 82 8972
82 107 5631
107 132 146
132 157 6452
157 182 4454
182 207 7864
207 232 3148
232 257 3334
257 282 4815
282 307 2033
307 332 8532
332 357 6493
357 382 6869
382 407 8362
407 432 4996
432 457 61
457 482 4846
482 507 2521
507 532 4867
532 557 733
557 582 7806
582 607 5613
8 33 1310
33 58 2742
58 83 3139
83 108 8421
108 133 1534
133 158 306
158 183 1294
183 208 8964
208 233 831
233 258 1642
258 283 4366
283 308 2221
308 333 12
333 358 1640
358 383 7207
383 408 5465
408 433 8680
433 458 878
458 483 5884
483 508 455
508 533 9041
533 558 709
558 583 7379
583 608 7480
9 34 1211
34 59 4700
59 84 4242
84 109 2040
109 134 1613
134 159 3324
159 184 4060
184 209 8314
209 234 6592
234 259 7339
259 284 2411
284 309 6520
309 334 1273
334 359 9967
359 384 5280
384 409 6687
409 434 3866
434 459 9210
459 484 2827
484 509 6339
509 534 9361
534 559 7038
559 584 2731
584 609 4506
10 35 6200
35 60 4972
60 85 9178
85 110 786
110 135 8037
135 160 6628
160 185 9841
185 210 7452
210 235 2001
235 260 7965
260 285 7507
285 310 952
310 335 3397
335 360 1922
360 385 5545
385 410 9098
410 435 6911
435 460 6375
460 485 8302
485 510 5559
510 535 5223
535 560 188
560 585 6532
585 610 1102
11 36 8052
36 61 4550
61 86 43
86 111 1711
111 136 2676
136 161 2640
161 186 6649
186 211 7939
211 236 1085
236 261 6487
261 286 4181
286 311 1273
311 336 4113
336 361 1370
361 386 8403
386 411 1643
411 436 7548
436 461 8923
461 486 2497
486 511 8474
511 536 3402
536 561 5363
561 586 7221
586 611 6112
12 37 1245
37 62 6505
62 87 9156
87 112 3859
112 137 8843
137 162 7573
162 187 4902
187 212 9446
212 237 6188
237 262 8833
262 287 2595
287 312 9557
312 337 624
337 362 1400
362 387 8308
387 412 4690
412 437 4391
437 462 5535
462 487 5363
487 512 8718
512 537 9038
537 562 1779
562 587 181
587 612 6598
13 38 7435
38 63 1829
63 88 1023
88 113 9637
113 138 5899
138 163 1883
163 188 9742
188 213 3949
213 238 212
238 263 8872
263 288 923
288 313 9254
313 338 9696
338 363 9820
363 388 7675
388 413 7782
413 438 7677
438 463 9314
463 488 2438
488 513 9029
513 538 86
538 563 7253
563 588 7836
588 613 3518
14 39 990
39 64 7960
64 89 8028
89 114 7130
114 139 1028
139 164 2720
164 189 5382
189 214 2123
214 239 1885
239 264 5344
264 289 7558
289 314 8317
314 339 3852
339 364 8984
364 389 220
389 414 1563
414 439 3059
439 464 9928
464 489 6233
489 514 5477
514 539 9042
539 564 183
564 589 531
589 614 9571
15 40 7904
40 65 4445
65 90 3404
90 115 8413
115 140 1970
140 165 876
165 190 2284
190 215 8805
215 240 5344
240 265 4455
265 290 7251
290 315 9330
315 340 7805
340 365 5962
365 390 8502
390 415 23
415 440 746
440 465 7755
465 490 7404
490 515 3164
515 540 4151
540 565 1963
565 590 1046
590 615 570
16 41 4285
41 66 9112
66 91 5547
91 116 4472
116 141 3666
141 166 6648
166 191 3148
191 216 1995
216 241 2711
241 266 2378
266 291 9183
291 316 9348
316 341 8299
341 366 5005
366 391 1336
391 416 3473
416 441 4191
441 466 325
466 491 1959
491 516 3072
516 541 6734
541 566 1794
566 591 3417
591 616 2886
17 42 6352
42 67 598
67 92 2578
92 117 5805
117 142 9974
142 167 2721
167 192 7783
192 217 7890
217 242 4238
242 267 6464
267 292 1268
292 317 1554
317 342 4393
342 367 7177
367 392 2314
392 417 5941
417 442 3960
442 467 948
467 492 1402
492 517 7309
517 542 621
542 567 7924
567 592 6630
592 617 9525
18 43 9433
43 68 7290
68 93 3281
93 118 9559
118 143 4841
143 168 7817
168 193 7834
193 218 1638
218 243 8438
243 268 9275
268 293 6257
293 318 4430
318 343 3061
343 368 6348
368 393 5560
393 418 7634
418 443 9627
443 468 4883
468 493 5219
493 518 2413
518 543 4425
543 568 4552
568 593 198
593 618 7379
19 44 9653
44 69 4167
69 94 1415
94 119 4314
119 144 6153
144 169 8849
169 194 226
194 219 2436
219 244 2431
244 269 86
269 294 751
294 319 6538
319 344 4914
344 369 2140
369 394 2742
394 419 3213
419 444 934
444 469 602
469 494 8251
494 519 7469
519 544 6005
544 569 921
569 594 1588
594 619 8569
20 45 5099
45 70 3365
70 95 3682
95 120 7137
120 145 7577
145 170 3209
170 195 1610
195 220 7972
220 245 6554
245 270 7679
270 295 5111
295 320 9930
320 345 4736
345 370 7822
370 395 1131
395 420 3741
420 445 5575
445 470 1427
470 495 97
495 520 8919
520 545 3915
545 570 654
570 595 1255
595 620 2648
21 46 4459
46 71 3105
71 96 2016
96 121 1200
121 146 2152
146 171 2785
171 196 1760
196 221 6722
221 246 5178
246 271 3678
271 296 4795
296 321 3137
321 346 6772
346 371 5707
371 396 4950
396 421 2052
421 446 3360
446 471 483
471 496 7353
496 521 3835
521 546 649
546 571 9666
571 596 3324
596 621 2598
22 47 5971
47 72 1459
72 97 4180
97 122 1928
122 147 8025
147 172 7557
172 197 9028
197 222 3433
222 247 4187
247 272 3442
272 297 6907
297 322 9941
322 347 9842
347 372 8687
372 397 4705
397 422 8838
422 447 2769
447 472 2336
472 497 1480
497 522 523
522 547 5609
547 572 2991
572 597 9558
597 622 5896
23 48 927
48 73 8613
73 98 3127
98 123 8509
123 148 4822
148 173 6926
173 198 2297
198 223 7627
223 248 2374
248 273 9672
273 298 5609
298 323 8697
323 348 6447
348 373 321
373 398 599
398 423 586
423 448 7685
448 473 4155
473 498 4381
498 523 4818
523 548 4385
548 573 5430
573 598 3070
598 623 924
24 49 6219
49 74 7047
74 99 8912
99 124 1573
124 149 1948
149 174 2352
174 199 8242
199 224 8233
224 249 1099
249 274 1066
274 299 1993
299 324 9498
324 349 4974
349 374 6715
374 399 7521
399 424 1787
424 449 271
449 474 4839
474 499 3194
499 524 590
524 549 6195
549 574 6262
574 599 7300
599 624 1506
25 50 8433
50 75 9666
75 100 3104
100 125 6278
125 150 8520
150 175 7668
175 200 3306
200 225 3898
225 250 881
250 275 4688
275 300 1791
300 325 7026
325 350 1866
350 375 7798
375 400 7911
400 425 4517
425 450 3640
450 475 6719
475 500 2913
500 525 7890
525 550 1230
550 575 1127
575 600 7208
600 625 221
1 2 1659
2 3 6682
3 4 7671
4 5 643
5 6 8109
6 7 5440
7 8 7578
8 9 47
9 10 1752
10 11 8773
11 12 4802
12 13 8917
13 14 3282
14 15 1729
15 16 4763
16 17 8499
17 18 1638
18 19 3429
19 20 322
20 21 1133
21 22 396
22 23 3103
23 24 6201
24 25 5254
26 27 2929
27 28 2123
28 29 5535
29 30 3806
30 31 6599
31 32 9667
32 33 8074
33 34 5706
34 35 3406
35 36 3324
36 37 9822
37 38 3692
38 39 6832
39 40 9476
40 41 3040
41 42 9616
42 43 7613
43 44 8318
44 45 7066
45 46 2074
46 47 1966
47 48 6529
48 49 2001
49 50 5027
51 52 4616
52 53 9481
53 54 2658
54 55 4398
55 56 9962
56 57 1103
57 58 4468
58 59 5947
59 60 8173
60 61 9078
61 62 7022
62 63 7879
63 64 2444
64 65 5214
65 66 1450
66 67 2229
67 68 4883
68 69 351
69 70 1971
70 71 2463
71 72 9747
72 73 4748
73 74 6938
74 75 64
76 77 7103
77 78 7390
78 79 2145
79 80 964
80 81 1712
81 82 6953
82 83 3173
83 84 4276
84 85 2862
85 86 3958
86 87 4527
87 88 1991
88 89 4256
89 90 2611
90 91 3932
91 92 4516
92 93 9881
93 94 744
94 95 9315
95 96 8413
96 97 3359
97 98 6011
98 99 597
99 100 2395
101 102 321
102 103 2230
103 104 9832
104 105 7991
105 106 6742
106 107 6289
107 108 5816
108 109 5647
109 110 3896
110 111 6668
111 112 5353
112 113 2458
113 114 9449
114 115 6317
115 116 258
116 117 8021
117 118 7161
118 119 459
119 120 7436
120 121 8334
121 122 5972
122 123 3636
123 124 7537
124 125 5675
126 127 8727
127 128 3274
128 129 275
129 130 3460
130 131 6259
131 132 5308
132 133 9630
133 134 8200
134 135 9071
135 136 7712
136 137 1041
137 138 771
138 139 7567
139 140 5048
140 141 2563
141 142 6554
142 143 2531
143 144 6023
144 145 8608
145 146 326
146 147 5682
147 148 3470
148 149 9537
149 150 1370
151 152 7500
152 153 1911
153 154 5661
154 155 6919
155 156 8599
156 157 1982
157 158 5578
158 159 8326
159 160 3979
160 161 3698
161 162 3039
162 163 5811
163 164 9406
164 165 4707
165 166 5401
166 167 6197
167 168 1454
168 169 3628
169 170 875
170 171 191
171 172 1267
172 173 5580
173 174 991
174 175 4400
176 177 2275
177 178 5737
178 179 6825
179 180 2942
180 181 6175
181 182 9993
182 183 5370
183 184 3272
184 185 7940
185 186 2044
186 187 8393
187 188 3452
188 189 4352
189 190 1027
190 191 51
191 192 1494
192 193 3764
193 194 8450
194 195 5217
195 196 3864
196 197 5782
197 198 204
198 199 8373
199 200 5502
201 202 1059
202 203 4533
203 204 1292
204 205 523
205 206 7760
206 207 794
207 208 9051
208 209 4064
209 210 202
210 211 5368
211 212 3980
212 213 6544
213 214 4931
214 215 7815
215 216 1555
216 217 3094
217 218 2974
218 219 223
219 220 6030
220 221 8320
221 222 6678
222 223 1346
223 224 6430
224 225 9177
226 227 7812
227 228 4344
228 229 1428
229 230 2989
230 231 7970
231 232 7719
232 233 4551
233 234 8940
234 235 1308
235 236 6530
236 237 6108
237 238 9853
238 239 4314
239 240 9817
240 241 2459
241 242 906
242 243 8826
243 244 3165
244 245 2994
245 246 567
246 247 5332
247 248 5213
248 249 5041
249 250 2875
251 252 651
252 253 9144
253 254 7704
254 255 8569
255 256 9779
256 257 412
257 258 9058
258 259 6127
259 260 8624
260 261 3078
261 262 6538
262 263 7736
263 264 2092
264 265 9744
265 266 3880
266 267 337
267 268 524
268 269 6247
269 270 7244
270 271 8154
271 272 4381
272 273 4554
273 274 3530
274 275 7574
276 277 3617
277 278 3082
278 279 7866
279 280 9639
280 281 2259
281 282 8040
282 283 1385
283 284 6487
284 285 386
285 286 2128
286 287 6215
287 288 7026
288 289 8712
289 290 8011
290 291 3871
291 292 4344
292 293 2327
293 294 2140
294 295 2803
295 296 863
296 297 6267
297 298 171
298 299 8389
299 300 5838
301 302 1580
302 303 8026
303 304 8824
304 305 7458
305 306 9853
306 307 9208
307 308 6393
308 309 5179
309 310 822
310 311 3764
311 312 1479
312 313 4083
313 314 5591
314 315 3992
315 316 1968
316 317 5672
317 318 9495
318 319 5262
319 320 38
320 321 6155
321 322 7033
322 323 5729
323 324 9001
324 325 4680
326 327 8011
327 328 4279
328 329 9663
329 330 6088
330 331 7649
331 332 8113
332 333 9954
333 334 3202
334 335 4152
335 336 8542
336 337 6490
337 338 1924
338 339 3178
339 340 1517
340 341 7350
341 342 2157
342 343 7806
343 344 9565
344 345 4248
345 346 2655
346 347 2341
347 348 206
348 349 8049
349 350 1178
351 352 1928
352 353 5360
353 354 5297
354 355 8325
355 356 7813
356 357 5736
357 358 7595
358 359 553
359 360 72
360 361 3704
361 362 995
362 363 8311
363 364 882
364 365 860
365 366 1930
366 367 7063
367 368 6346
368 369 9210
369 370 7734
370 371 139
371 372 2622
372 373 9342
373 374 2299
374 375 3537
376 377 5919
377 378 1578
378 379 6296
379 380 7692
380 381 5213
381 382 8762
382 383 7383
383 384 9089
384 385 7397
385 386 7571
386 387 4521
387 388 4238
388 389 1794
389 390 4246
390 391 8529
391 392 2047
392 393 428
393 394 9083
394 395 7687
395 396 4490
396 397 4372
397 398 1972
398 399 5157
399 400 9023
401 402 3843
402 403 6039
403 404 6501
404 405 9879
405 406 4355
406 407 3967
407 408 6280
408 409 8802
409 410 7228
410 411 251
411 412 1799
412 413 8774
413 414 9383
414 415 4060
415 416 5348
416 417 7799
417 418 5332
418 419 6970
419 420 3335
420 421 313
421 422 370
422 423 7154
423 424 2919
424 425 326
426 427 5778
427 428 9613
428 429 6219
429 430 6659
430 431 5809
431 432 3719
432 433 7281
433 434 3163
434 435 7589
435 436 1225
436 437 6908
437 438 7783
438 439 3829
439 440 6357
440 441 5851
441 442 3807
442 443 2906
443 444 1431
444 445 131
445 446 4767
446 447 7247
447 448 537
448 449 2675
449 450 8064
451 452 2317
452 453 3896
453 454 5827
454 455 7514
455 456 7956
456 457 9964
457 458 519
458 459 1313
459 460 5163
460 461 2801
461 462 9886
462 463 5442
463 464 2743
464 465 5283
465 466 7081
466 467 9016
467 468 200
468 469 7475
469 470 4490
470 471 6827
471 472 7023
472 473 6409
473 474 5287
474 475 2033
476 477 4290
477 478 376
478 479 5704
479 480 6724
480 481 3405
481 482 1692
482 483 2081
483 484 1674
484 485 6095
485 486 103
486 487 9638
487 488 2037
488 489 7954
489 490 6314
490 491 9519
491 492 8945
492 493 1664
493 494 6055
494 495 5175
495 496 8715
496 497 8883
497 498 6839
498 499 2847
499 500 1806
501 502 5678
502 503 3421
503 504 5836
504 505 5472
505 506 9451
506 507 870
507 508 7675
508 509 7019
509 510 3019
510 511 4790
511 512 9129
512 513 6728
513 514 4295
514 515 8889
515 516 3368
516 517 7486
517 518 7834
518 519 3025
519 520 6225
520 521 4480
521 522 6718
522 523 5868
523 524 9496
524 525 2124
526 527 62
527 528 4789
528 529 3332
529 530 7778
530 531 9845
531 532 2994
532 533 6520
533 534 3314
534 535 3822
535 536 7015
536 537 9492
537 538 7095
538 539 1342
539 540 3499
540 541 2043
541 542 250
542 543 8589
543 544 2618
544 545 4691
545 546 7954
546 547 8588
547 548 7961
548 549 7692
549 550 4342
551 552 1136
552 553 3986
553 554 1929
554 555 5028
555 556 8711
556 557 3321
557 558 3237
558 559 8310
559 560 6787
560 561 2277
561 562 4815
562 563 3435
563 564 1953
564 565 1896
565 566 5567
566 567 7970
567 568 6984
568 569 3542
569 570 6244
570 571 8482
571 572 7225
572 573 6974
573 574 145
574 575 7757
576 577 6552
577 578 3777
578 579 8052
579 580 9834
580 581 3042
581 582 3734
582 583 5067
583 584 7844
584 585 4036
585 586 3635
586 587 6087
587 588 6986
588 589 1144
589 590 7929
590 591 2055
591 592 6648
592 593 5546
593 594 9004
594 595 8763
595 596 6921
596 597 4397
597 598 1462
598 599 8857
599 600 2456
601 602 9666
602 603 4093
603 604 476
604 605 461
605 606 1331
606 607 4907
607 608 824
608 609 726
609 610 9111
610 611 6046
611 612 2866
612 613 2149
613 614 4448
614 615 2066
615 616 3627
616 617 8321
617 618 5128
618 619 9994
619 620 1693
620 621 980
621 622 1623
622 623 7813
623 624 3706
624 625 5207
841 1624
18
18
5
15
8
15
11
4
2
15
20
19
16
18
11
16
14
7
4
2
5
14
14
15
18
10
1
13
14
3
3
19
3
8
1
12
5
15
15
10
15
3
7
1
4
3
7
15
19
2
1
17
8
6
6
3
14
9
18
6
4
18
6
7
5
2
7
18
14
8
12
13
19
9
1
14
16
1
15
17
20
13
10
18
8
16
6
20
19
12
5
10
19
7
6
16
19
13
6
13
17
6
19
19
20
6
20
11
20
19
9
12
16
6
12
5
4
19
9
20
4
2
6
3
9
20
12
7
18
17
11
7
14
2
20
20
15
5
11
9
4
5
4
5
5
3
12
17
19
11
20
14
20
17
19
7
12
20
11
9
14
3
12
20
8
12
1
12
3
10
15
19
12
14
5
12
6
16
16
5
3
9
4
18
12
4
12
11
6
15
9
14
7
19
15
1
1
3
16
16
6
4
10
18
4
15
2
3
12
16
10
3
3
17
4
8
10
13
19
1
8
19
14
3
12
15
7
10
9
12
12
15
3
20
10
3
6
15
18
13
11
16
15
14
4
18
6
3
18
18
14
9
20
4
12
6
19
14
8
18
3
18
14
17
15
12
7
5
17
12
6
8
9
11
19
17
10
3
19
19
2
20
4
12
10
16
11
16
18
11
13
12
13
1
4
17
20
11
19
14
13
13
18
8
5
11
19
20
2
2
3
3
5
20
3
9
17
5
13
1
9
8
5
19
16
3
18
14
1
12
4
16
6
1
7
9
12
4
10
1
2
4
9
18
14
13
15
20
18
1
16
9
9
9
15
7
5
20
20
17
14
11
6
1
19
3
18
11
5
13
18
10
6
10
6
4
14
8
14
13
12
10
11
9
18
12
14
13
5
7
5
3
16
10
6
14
8
6
8
14
16
12
19
12
20
4
1
12
4
13
20
11
6
6
1
9
10
1
4
16
19
3
3
18
5
10
10
12
12
13
17
8
20
18
17
8
14
4
7
16
18
3
4
16
14
5
17
14
13
15
11
2
10
5
2
9
4
12
20
9
7
2
14
11
2
9
10
5
8
16
10
6
2
5
16
6
2
13
1
4
5
10
6
18
17
9
3
15
1
10
11
15
2
10
17
12
9
11
15
15
5
3
19
6
18
7
16
14
14
7
3
5
19
15
18
10
10
11
17
4
9
5
10
17
9
14
20
4
18
4
8
4
3
2
1
3
16
17
18
10
6
7
17
10
17
2
19
3
5
5
17
14
3
4
9
5
17
12
11
13
20
11
17
9
16
2
6
18
7
5
4
15
16
13
13
14
12
16
4
5
15
17
5
10
7
10
11
13
20
12
7
15
5
7
17
7
12
2
20
6
2
10
13
14
7
15
14
20
10
10
17
10
18
9
10
18
4
18
16
20
3
17
9
19
18
1
1
15
18
16
2
9
18
12
3
7
19
7
9
20
10
4
7
18
15
6
8
14
17
13
19
5
6
7
20
13
20
19
13
3
15
20
18
14
18
19
7
6
7
14
19
7
17
15
19
9
10
5
4
8
15
19
19
2
11
12
11
9
16
7
11
18
5
8
10
9
11
20
4
5
13
16
5
17
17
13
15
3
15
1
19
13
10
7
4
14
5
19
1
20
15
20
8
20
2
14
4
4
18
13
18
8
10
19
3
14
15
19
12
17
18
8
10
20
9
4
9
10
8
10
9
13
17
10
12
16
1
14
14
13
4
2
1
16
2
4
10
4
3
3
15
8
8
13
18
5
15
9
4
6
20
6
10
4
17
15
20
12
13
3
17
20
10
9
1
11
14
2
13
10
9
9
10
5
8
2
2
10
14
18
13
6
2
17
12
11
6
12
17
6
19
17
20
15
7
11
8
1
16
2
2
18
19
4
17
7
19
12
2
6
13
1 30 3
30 59 2
59 88 12
88 117 20
117 146 11
146 175 15
175 204 14
204 233 2
233 262 10
262 291 19
291 320 2
320 349 15
349 378 3
378 407 2
407 436 19
436 465 8
465 494 11
494 523 20
523 552 17
552 581 14
581 610 7
610 639 15
639 668 2
668 697 16
697 726 4
726 755 7
755 784 10
784 813 2
2 31 13
31 60 17
60 89 7
89 118 14
118 147 20
147 176 15
176 205 14
205 234 10
234 263 15
263 292 11
292 321 4
321 350 1
350 379 10
379 408 13
408 437 9
437 466 12
466 495 12
495 524 6
524 553 17
553 582 9
582 611 12
611 640 10
640 669 15
669 698 20
698 727 11
727 756 8
756 785 1
785 814 19
3 32 20
32 61 13
61 90 12
90 119 19
119 148 17
148 177 19
177 206 17
206 235 19
235 264 1
264 293 11
293 322 13
322 351 7
351 380 7
380 409 3
409 438 12
438 467 18
467 496 16
496 525 14
525 554 4
554 583 2
583 612 16
612 641 2
641 670 8
670 699 9
699 728 10
728 757 11
757 786 5
786 815 5
4 33 8
33 62 8
62 91 17
91 120 8
120 149 9
149 178 14
178 207 12
207 236 16
236 265 19
265 294 11
294 323 20
323 352 8
352 381 4
381 410 9
410 439 15
439 468 17
468 497 19
497 526 11
526 555 10
555 584 11
584 613 9
613 642 14
642 671 3
671 700 4
700 729 17
729 758 10
758 787 8
787 816 20
5 34 10
34 63 2
63 92 18
92 121 13
121 150 4
150 179 19
179 208 3
208 237 9
237 266 10
266 295 18
295 324 8
324 353 11
353 382 2
382 411 18
411 440 5
440 469 13
469 498 2
498 527 1
527 556 18
556 585 1
585 614 15
614 643 10
643 672 18
672 701 11
701 730 8
730 759 15
759 788 5
788 817 6
6 35 7
35 64 17
64 93 20
93 122 19
122 151 19
151 180 5
180 209 8
209 238 3
238 267 2
267 296 11
296 325 6
325 354 12
354 383 7
383 412 3
412 441 14
441 470 3
470 499 5
499 528 17
528 557 3
557 586 4
586 615 1
615 644 16
644 673 14
673 702 19
702 731 8
731 760 2
760 789 1
789 818 19
7 36 8
36 65 15
65 94 14
94 123 19
123 152 4
152 181 1
181 210 16
210 239 12
239 268 19
268 297 2
297 326 6
326 355 1
355 384 8
384 413 5
413 442 17
442 471 15
471 500 2
500 529 9
529 558 20
558 587 2
587 616 17
616 645 15
645 674 12
674 703 4
703 732 2
732 761 14
761 790 16
790 819 12
8 37 13
37 66 9
66 95 15
95 124 4
124 153 14
153 182 19
182 211 17
211 240 19
240 269 17
269 298 7
298 327 4
327 356 16
356 385 9
385 414 9
414 443 20
443 472 3
472 501 19
501 530 11
530 559 17
559 588 6
588 617 4
617 646 7
646 675 11
675 704 20
704 733 20
733 762 2
762 791 7
791 820 9
9 38 15
38 67 12
67 96 4
96 125 6
125 154 18
154 183 20
183 212 16
212 241 14
241 270 6
270 299 17
299 328 11
328 357 15
357 386 9
386 415 13
415 444 15
444 473 17
473 502 18
502 531 4
531 560 9
560 589 17
589 618 7
618 647 9
647 676 6
676 705 16
705 734 17
734 763 19
763 792 19
792 821 5
10 39 6
39 68 17
68 97 20
97 126 8
126 155 19
155 184 18
184 213 11
213 242 6
242 271 15
271 300 8
300 329 12
329 358 4
358 387 13
387 416 11
416 445 20
445 474 12
474 503 10
503 532 2
532 561 18
561 590 2
590 619 3
619 648 10
648 677 20
677 706 2
706 735 11
735 764 12
764 793 1
793 822 4
11 40 4
40 69 2
69 98 12
98 127 18
127 156 5
156 185 6
185 214 16
214 243 5
243 272 6
272 301 16
301 330 13
330 359 2
359 388 10
388 417 3
417 446 19
446 475 17
475 504 1
504 533 7
533 562 4
562 591 17
591 620 17
620 649 16
649 678 12
678 707 12
707 736 8
736 765 13
765 794 13
794 823 6
12 41 5
41 70 4
70 99 16
99 128 19
128 157 4
157 186 7
186 215 13
215 244 11
244 273 17
273 302 10
302 331 4
331 360 12
360 389 6
389 418 2
418 447 13
447 476 19
476 505 4
505 534 10
534 563 10
563 592 14
592 621 9
621 650 12
650 679 1
679 708 10
708 737 2
737 766 11
766 795 1
795 824 18
13 42 9
42 71 4
71 100 1
100 129 13
129 158 11
158 187 8
187 216 6
216 245 5
245 274 5
274 303 4
303 332 13
332 361 4
361 390 20
390 419 8
419 448 18
448 477 18
477 506 3
506 535 4
535 564 5
564 593 8
593 622 4
622 651 4
651 680 1
680 709 13
709 738 15
738 767 12
767 796 19
796 825 15
14 43 18
43 72 14
72 101 11
101 130 13
130 159 12
159 188 18
188 217 19
217 246 14
246 275 5
275 304 2
304 333 7
333 362 19
362 391 20
391 420 4
420 449 11
449 478 3
478 507 20
507 536 18
536 565 10
565 594 11
594 623 14
623 652 10
652 681 15
681 710 15
710 739 3
739 768 18
768 797 18
797 826 19
15 44 13
44 73 2
73 102 6
102 131 18
131 160 13
160 189 17
189 218 13
218 247 5
247 276 17
276 305 5
305 334 17
334 363 19
363 392 14
392 421 16
421 450 1
450 479 16
479 508 13
508 537 4
537 566 2
566 595 20
595 624 5
624 653 16
653 682 10
682 711 13
711 740 1
740 769 17
769 798 14
798 827 20
16 45 1
45 74 10
74 103 13
103 132 10
132 161 9
161 190 2
190 219 19
219 248 16
248 277 6
277 306 1
306 335 5
335 364 13
364 393 3
393 422 11
422 451 7
451 480 2
480 509 2
509 538 12
538 567 2
567 596 14
596 625 3
625 654 5
654 683 15
683 712 4
712 741 16
741 770 4
770 799 9
799 828 12
17 46 4
46 75 12
75 104 20
104 133 3
133 162 13
162 191 1
191 220 14
220 249 18
249 278 19
278 307 8
307 336 18
336 365 11
365 394 16
394 423 15
423 452 13
452 481 16
481 510 19
510 539 11
539 568 9
568 597 3
597 626 16
626 655 19
655 684 8
684 713 20
713 742 8
742 771 8
771 800 5
800 829 15
18 47 7
47 76 13
76 105 3
105 134 14
134 163 9
163 192 2
192 221 5
221 250 4
250 279 13
279 308 9
308 337 13
337 366 10
366 395 3
395 424 17
424 453 20
453 482 8
482 511 16
511 540 19
540 569 6
569 598 4
598 627 15
627 656 15
656 685 7
685 714 5
714 743 11
743 772 2
772 801 9
801 830 19
19 48 5
48 77 3
77 106 17
106 135 11
135 164 4
164 193 7
193 222 1
222 251 4
251 280 10
280 309 8
309 338 18
338 367 14
367 396 6
396 425 1
425 454 5
454 483 6
483 512 6
512 541 1
541 570 10
570 599 1
599 628 16
628 657 4
657 686 16
686 715 5
715 744 12
744 773 10
773 802 8
802 831 18
20 49 11
49 78 2
78 107 9
107 136 18
136 165 8
165 194 4
194 223 18
223 252 19
252 281 3
281 310 7
310 339 2
339 368 16
368 397 17
397 426 5
426 455 14
455 484 13
484 513 2
513 542 9
542 571 6
571 600 8
600 629 3
629 658 1
658 687 7
687 716 14
716 745 19
745 774 6
774 803 7
803 832 19
21 50 16
50 79 15
79 108 13
108 137 6
137 166 3
166 195 8
195 224 15
224 253 19
253 282 4
282 311 1
311 340 10
340 369 3
369 398 20
398 427 14
427 456 19
456 485 18
485 514 20
514 543 10
543 572 17
572 601 10
601 630 3
630 659 1
659 688 18
688 717 18
717 746 2
746 775 14
775 804 18
804 833 12
22 51 10
51 80 14
80 109 16
109 138 19
138 167 15
167 196 10
196 225 4
225 254 16
254 283 12
283 312 5
312 341 15
341 370 10
370 399 17
399 428 17
428 457 9
457 486 18
486 515 19
515 544 13
544 573 3
573 602 11
602 631 6
631 660 1
660 689 16
689 718 12
718 747 9
747 776 3
776 805 19
805 834 15
23 52 5
52 81 15
81 110 14
110 139 14
139 168 16
168 197 9
197 226 7
226 255 5
255 284 14
284 313 20
313 342 9
342 371 18
371 400 6
400 429 12
429 458 6
458 487 9
487 516 17
516 545 19
545 574 2
574 603 16
603 632 20
632 661 3
661 690 4
690 719 15
719 748 5
748 777 14
777 806 6
806 835 8
24 53 6
53 82 8
82 111 12
111 140 6
140 169 13
169 198 7
198 227 6
227 256 1
256 285 17
285 314 12
314 343 13
343 372 10
372 401 7
401 430 2
430 459 10
459 488 10
488 517 1
517 546 14
546 575 15
575 604 16
604 633 16
633 662 3
662 691 2
691 720 5
720 749 10
749 778 20
778 807 3
807 836 5
25 54 6
54 83 15
83 112 3
112 141 17
141 170 10
170 199 2
199 228 2
228 257 2
257 286 17
286 315 4
315 344 17
344 373 18
373 402 15
402 431 6
431 460 17
460 489 13
489 518 13
518 547 13
547 576 7
576 605 10
605 634 4
634 663 6
663 692 6
692 721 16
721 750 8
750 779 18
779 808 17
808 837 7
26 55 18
55 84 8
84 113 7
113 142 5
142 171 20
171 200 18
200 229 8
229 258 7
258 287 3
287 316 6
316 345 15
345 374 2
374 403 15
403 432 15
432 461 13
461 490 11
490 519 20
519 548 13
548 577 13
577 606 3
606 635 15
635 664 14
664 693 12
693 722 5
722 751 4
751 780 15
780 809 2
809 838 18
27 56 6
56 85 10
85 114 5
114 143 11
143 172 20
172 201 5
201 230 17
230 259 9
259 288 14
288 317 8
317 346 1
346 375 1
375 404 2
404 433 14
433 462 6
462 491 11
491 520 2
520 549 17
549 578 19
578 607 4
607 636 18
636 665 9
665 694 19
694 723 17
723 752 12
752 781 4
781 810 16
810 839 18
28 57 10
57 86 4
86 115 1
115 144 12
144 173 11
173 202 2
202 231 2
231 260 2
260 289 4
289 318 15
318 347 18
347 376 17
376 405 14
405 434 11
434 463 13
463 492 10
492 521 12
521 550 15
550 579 14
579 608 13
608 637 19
637 666 20
666 695 10
695 724 10
724 753 7
753 782 18
782 811 14
811 840 16
29 58 14
58 87 18
87 116 6
116 145 19
145 174 18
174 203 1
203 232 10
232 261 1
261 290 8
290 319 9
319 348 10
348 377 3
377 406 16
406 435 4
435 464 13
464 493 17
493 522 15
522 551 16
551 580 15
580 609 18
609 638 8
638 667 17
667 696 8
696 725 2
725 754 6
754 783 20
783 812 14
812 841 12
1 2 18
2 3 13
3 4 20
4 5 16
5 6 15
6 7 8
7 8 18
8 9 2
9 10 1
10 11 13
11 12 14
12 13 20
13 14 4
14 15 4
15 16 5
16 17 6
17 18 7
18 19 20
19 20 15
20 21 19
21 22 15
22 23 11
23 24 17
24 25 11
25 26 4
26 27 2
27 28 13
28 29 5
30 31 12
31 32 19
32 33 3
33 34 18
34 35 20
35 36 3
36 37 8
37 38 17
38 39 19
39 40 10
40 41 5
41 42 2
42 43 13
43 44 7
44 45 15
45 46 19
46 47 9
47 48 3
48 49 7
49 50 18
50 51 20
51 52 2
52 53 1
53 54 7
54 55 2
55 56 11
56 57 8
57 58 11
59 60 2
60 61 7
61 62 3
62 63 20
63 64 14
64 65 6
65 66 14
66 67 20
67 68 6
68 69 11
69 70 10
70 71 9
71 72 13
72 73 8
73 74 4
74 75 18
75 76 8
76 77 7
77 78 13
78 79 13
79 80 2
80 81 6
81 82 15
82 83 6
83 84 15
84 85 1
85 86 5
86 87 2
88 89 9
89 90 1
90 91 20
91 92 12
92 93 9
93 94 19
94 95 14
95 96 16
96 97 13
97 98 3
98 99 1
99 100 7
100 101 10
101 102 13
102 103 15
103 104 4
104 105 9
105 106 5
106 107 12
107 108 2
108 109 19
109 110 18
110 111 5
111 112 20
112 113 18
113 114 1
114 115 10
115 116 17
117 118 15
118 119 2
119 120 17
120 121 16
121 122 13
122 123 15
123 124 13
124 125 13
125 126 5
126 127 16
127 128 3
128 129 11
129 130 20
130 131 5
131 132 1
132 133 1
133 134 20
134 135 6
135 136 10
136 137 12
137 138 1
138 139 15
139 140 9
140 141 15
141 142 7
142 143 14
143 144 4
144 145 7
146 147 20
147 148 12
148 149 6
149 150 16
150 151 8
151 152 13
152 153 15
153 154 7
154 155 6
155 156 12
156 157 7
157 158 5
158 159 18
159 160 14
160 161 20
161 162 18
162 163 11
163 164 7
164 165 3
165 166 10
166 167 8
167 168 14
168 169 15
169 170 9
170 171 19
171 172 1
172 173 9
173 174 5
175 176 7
176 177 4
177 178 10
178 179 16
179 180 12
180 181 18
181 182 18
182 183 20
183 184 13
184 185 16
185 186 5
186 187 20
187 188 5
188 189 3
189 190 7
190 191 12
191 192 10
192 193 17
193 194 6
194 195 15
195 196 11
196 197 2
197 198 9
198 199 13
199 200 5
200 201 10
201 202 17
202 203 10
204 205 18
205 206 7
206 207 1
207 208 10
208 209 19
209 210 2
210 211 11
211 212 7
212 213 12
213 214 5
214 215 4
215 216 8
216 217 19
217 218 18
218 219 17
219 220 18
220 221 12
221 222 16
222 223 9
223 224 15
224 225 15
225 226 2
226 227 19
227 228 18
228 229 1
229 230 18
230 231 14
231 232 11
233 234 13
234 235 19
235 236 19
236 237 3
237 238 12
238 239 12
239 240 6
240 241 19
241 242 8
242 243 15
243 244 12
244 245 20
245 246 17
246 247 15
247 248 5
248 249 5
249 250 8
250 251 7
251 252 11
252 253 5
253 254 20
254 255 1
255 256 11
256 257 17
257 258 12
258 259 3
259 260 4
260 261 1
262 263 13
263 264 7
264 265 14
265 266 12
266 267 1
267 268 6
268 269 3
269 270 3
270 271 3
271 272 1
272 273 10
273 274 6
274 275 5
275 276 5
276 277 6
277 278 7
278 279 10
279 280 10
280 281 12
281 282 5
282 283 20
283 284 12
284 285 17
285 286 1
286 287 20
287 288 19
288 289 16
289 290 15
291 292 16
292 293 17
293 294 1
294 295 16
295 296 8
296 297 19
297 298 14
298 299 8
299 300 16
300 301 5
301 302 12
302 303 11
303 304 7
304 305 12
305 306 3
306 307 3
307 308 10
308 309 1
309 310 14
310 311 10
311 312 18
312 313 15
313 314 4
314 315 16
315 316 11
316 317 3
317 318 5
318 319 20
320 321 1
321 322 19
322 323 11
323 324 19
324 325 2
325 326 17
326 327 6
327 328 7
328 329 15
329 330 3
330 331 11
331 332 3
332 333 3
333 334 3
334 335 11
335 336 10
336 337 17
337 338 4
338 339 16
339 340 11
340 341 1
341 342 8
342 343 13
343 344 17
344 345 12
345 346 19
346 347 17
347 348 11
349 350 15
350 351 10
351 352 19
352 353 8
353 354 3
354 355 17
355 356 3
356 357 4
357 358 7
358 359 6
359 360 10
360 361 19
361 362 9
362 363 3
363 364 14
364 365 6
365 366 6
366 367 9
367 368 4
368 369 3
369 370 10
370 371 3
371 372 11
372 373 12
373 374 14
374 375 7
375 376 3
376 377 15
378 379 3
379 380 7
380 381 1
381 382 9
382 383 19
383 384 20
384 385 14
385 386 9
386 387 7
387 388 3
388 389 5
389 390 18
390 391 3
391 392 6
392 393 13
393 394 3
394 395 4
395 396 12
396 397 7
397 398 13
398 399 4
399 400 11
400 401 7
401 402 11
402 403 3
403 404 11
404 405 8
405 406 18
407 408 14
408 409 8
409 410 2
410 411 7
411 412 6
412 413 11
413 414 5
414 415 9
415 416 17
416 417 1
417 418 8
418 419 17
419 420 8
420 421 4
421 422 4
422 423 19
423 424 14
424 425 8
425 426 16
426 427 10
427 428 8
428 429 7
429 430 3
430 431 14
431 432 6
432 433 6
433 434 13
434 435 13
436 437 19
437 438 10
438 439 5
439 440 8
440 441 1
441 442 2
442 443 20
443 444 2
444 445 6
445 446 5
446 447 12
447 448 13
448 449 18
449 450 13
450 451 8
451 452 14
452 453 18
453 454 3
454 455 3
455 456 14
456 457 5
457 458 18
458 459 16
459 460 8
460 461 16
461 462 3
462 463 2
463 464 10
465 466 17
466 467 11
467 468 1
468 469 7
469 470 12
470 471 19
471 472 15
472 473 11
473 474 11
474 475 18
475 476 10
476 477 1
477 478 1
478 479 8
479 480 16
480 481 2
481 482 17
482 483 17
483 484 11
484 485 3
485 486 15
486 487 4
487 488 13
488 489 1
489 490 11
490 491 2
491 492 9
492 493 8
494 495 1
495 496 17
496 497 6
497 498 11
498 499 16
499 500 13
500 501 17
501 502 6
502 503 11
503 504 15
504 505 1
505 506 14
506 507 20
507 508 10
508 509 15
509 510 18
510 511 18
511 512 8
512 513 1
513 514 20
514 515 2
515 516 3
516 517 18
517 518 10
518 519 8
519 520 4
520 521 3
521 522 17
523 524 19
524 525 11
525 526 11
526 527 14
527 528 20
528 529 20
529 530 17
530 531 19
531 532 12
532 533 14
533 534 19
534 535 8
535 536 16
536 537 18
537 538 15
538 539 1
539 540 19
540 541 3
541 542 16
542 543 1
543 544 2
544 545 11
545 546 12
546 547 9
547 548 7
548 549 14
549 550 14
550 551 16
552 553 16
553 554 4
554 555 9
555 556 13
556 557 8
557 558 7
558 559 2
559 560 13
560 561 15
561 562 6
562 563 5
563 564 17
564 565 12
565 566 12
566 567 7
567 568 12
568 569 8
569 570 2
570 571 19
571 572 6
572 573 7
573 574 3
574 575 14
575 576 4
576 577 20
577 578 6
578 579 10
579 580 4
581 582 10
582 583 9
583 584 9
584 585 2
585 586 9
586 587 7
587 588 17
588 589 6
589 590 9
590 591 16
591 592 7
592 593 16
593 594 11
594 595 2
595 596 4
596 597 16
597 598 14
598 599 16
599 600 19
600 601 18
601 602 5
602 603 19
603 604 8
604 605 12
605 606 12
606 607 8
607 608 11
608 609 3
610 611 7
611 612 5
612 613 6
613 614 1
614 615 3
615 616 7
616 617 18
617 618 12
618 619 10
619 620 9
620 621 20
621 622 4
622 623 12
623 624 9
624 625 13
625 626 5
626 627 9
627 628 4
628 629 10
629 630 8
630 631 13
631 632 13
632 633 20
633 634 14
634 635 19
635 636 11
636 637 7
637 638 1
639 640 10
640 641 3
641 642 1
642 643 15
643 644 10
644 645 3
645 646 7
646 647 6
647 648 13
648 649 16
649 650 14
650 651 6
651 652 14
652 653 4
653 654 12
654 655 11
655 656 6
656 657 16
657 658 5
658 659 17
659 660 4
660 661 5
661 662 6
662 663 6
663 664 13
664 665 9
665 666 6
666 667 14
668 669 1
669 670 12
670 671 13
671 672 7
672 673 2
673 674 3
674 675 7
675 676 15
676 677 5
677 678 12
678 679 1
679 680 20
680 681 6
681 682 9
682 683 2
683 684 18
684 685 19
685 686 17
686 687 15
687 688 4
688 689 2
689 690 2
690 691 1
691 692 19
692 693 11
693 694 4
694 695 19
695 696 1
697 698 16
698 699 17
699 700 11
700 701 13
701 702 18
702 703 7
703 704 4
704 705 13
705 706 10
706 707 8
707 708 14
708 709 11
709 710 20
710 711 4
711 712 13
712 713 17
713 714 2
714 715 14
715 716 1
716 717 18
717 718 3
718 719 1
719 720 2
720 721 4
721 722 17
722 723 7
723 724 7
724 725 3
726 727 2
727 728 14
728 729 12
729 730 15
730 731 18
731 732 2
732 733 6
733 734 1
734 735 16
735 736 1
736 737 4
737 738 9
738 739 12
739 740 1
740 741 9
741 742 13
742 743 15
743 744 17
744 745 5
745 746 10
746 747 7
747 748 7
748 749 20
749 750 1
750 751 12
751 752 3
752 753 18
753 754 14
755 756 2
756 757 8
757 758 12
758 759 7
759 760 1
760 761 2
761 762 1
762 763 9
763 764 4
764 765 10
765 766 11
766 767 19
767 768 16
768 769 2
769 770 20
770 771 15
771 772 11
772 773 4
773 774 17
774 775 1
775 776 20
776 777 19
777 778 14
778 779 20
779 780 14
780 781 10
781 782 5
782 783 4
784 785 10
785 786 11
786 787 6
787 788 7
788 789 11
789 790 15
790 791 14
791 792 5
792 793 5
793 794 5
794 795 17
795 796 5
796 797 11
797 798 13
798 799 6
799 800 20
800 801 12
801 802 14
802 803 14
803 804 4
804 805 17
805 806 12
806 807 12
807 808 15
808 809 18
809 810 20
810 811 1
811 812 4
813 814 8
814 815 18
815 816 14
816 817 14
817 818 7
818 819 16
819 820 7
820 821 18
821 822 17
822 823 15
823 824 16
824 825 18
825 826 7
826 827 19
827 828 9
828 829 18
829 830 1
830 831 20
831 832 3
832 833 7
833 834 9
834 835 4
835 836 18
836 837 3
837 838 5
838 839 14
839 840 8
840 841 5
484 924
75
72
30
16
19
23
65
27
72
13
48
56
72
21
58
31
69
18
12
38
56
50
69
40
23
4
2
47
77
40
4
76
52
76
48
17
32
74
45
69
21
66
52
58
20
48
49
70
8
61
66
48
43
28
4
15
9
75
6
66
11
60
34
6
52
57
54
57
55
30
6
45
62
39
18
38
51
12
71
51
7
49
51
5
31
19
26
57
52
43
32
32
15
59
50
22
33
34
52
66
48
11
32
19
72
9
24
68
71
30
68
25
51
12
31
46
35
50
24
62
76
21
41
3
53
64
67
71
69
1
27
40
11
59
29
6
2
19
27
76
44
31
1
34
48
44
14
12
47
7
10
23
47
48
43
61
23
71
2
34
77
68
57
30
40
29
61
63
28
58
46
9
36
48
33
55
32
6
30
58
50
64
14
21
27
55
7
13
24
56
32
21
50
59
42
29
2
22
14
60
56
1
77
71
26
41
62
48
41
8
5
3
35
15
76
1
36
16
52
44
63
68
64
30
68
35
40
52
42
2
15
55
30
66
21
22
75
18
16
19
46
1
41
50
71
25
40
60
69
31
55
6
18
19
77
34
9
31
34
72
55
17
2
25
3
9
1
35
67
28
26
66
36
50
31
16
18
44
59
44
20
71
55
25
55
75
51
31
17
8
14
72
11
24
26
19
8
43
62
77
10
57
59
63
51
68
67
73
75
72
3
59
41
72
7
77
50
30
18
44
44
4
54
32
38
23
24
42
14
74
25
31
10
70
35
52
42
36
41
72
72
59
71
50
7
52
52
36
25
10
11
33
53
28
2
52
50
22
14
54
65
21
60
43
32
34
41
26
5
41
55
50
6
59
10
53
42
28
71
9
31
5
3
5
18
70
50
68
6
25
16
45
21
29
28
28
12
60
65
65
19
77
42
19
26
47
49
39
71
75
42
15
5
35
50
70
68
23
22
51
66
45
61
12
11
56
36
59
66
22
19
77
39
23
56
8
72
75
39
16
43
67
46
36
31
36
5
74
27
25
46
26
55
51
9
42
49
74
4
14
12
47
39
73
47
77
15
4
52
6
13
21
32
8
46
32
20
59
51
43
73
39
41
50
1 23 2
23 45 28
45 67 54
67 89 22
89 111 22
111 133 22
133 155 75
155 177 41
177 199 13
199 221 32
221 243 18
243 265 10
265 287 19
287 309 25
309 331 8
331 353 67
353 375 7
375 397 35
397 419 14
419 441 37
441 463 46
2 24 1
24 46 64
46 68 9
68 90 49
90 112 21
112 134 13
134 156 62
156 178 72
178 200 70
200 222 14
222 244 19
244 266 4
266 288 13
288 310 51
310 332 32
332 354 23
354 376 13
376 398 47
398 420 77
420 442 28
442 464 49
3 25 75
25 47 15
47 69 24
69 91 37
91 113 19
113 135 71
135 157 54
157 179 72
179 201 9
201 223 77
223 245 56
245 267 19
267 289 74
289 311 59
311 333 65
333 355 51
355 377 73
377 399 69
399 421 49
421 443 29
443 465 77
4 26 37
26 48 76
48 70 54
70 92 9
92 114 67
114 136 6
136 158 71
158 180 31
180 202 20
202 224 58
224 246 47
246 268 57
268 290 71
290 312 48
312 334 36
334 356 23
356 378 3
378 400 60
400 422 55
422 444 51
444 466 6
5 27 16
27 49 27
49 71 53
71 93 41
93 115 29
115 137 10
137 159 62
159 181 49
181 203 77
203 225 26
225 247 75
247 269 44
269 291 9
291 313 64
313 335 66
335 357 41
357 379 8
379 401 42
401 423 9
423 445 34
445 467 73
6 28 49
28 50 54
50 72 73
72 94 55
94 116 64
116 138 32
138 160 22
160 182 10
182 204 23
204 226 4
226 248 54
248 270 25
270 292 6
292 314 71
314 336 36
336 358 16
358 380 21
380 402 24
402 424 67
424 446 14
446 468 51
7 29 6
29 51 4
51 73 21
73 95 66
95 117 20
117 139 1
139 161 52
161 183 3
183 205 20
205 227 67
227 249 46
249 271 46
271 293 17
293 315 75
315 337 77
337 359 50
359 381 69
381 403 50
403 425 77
425 447 67
447 469 72
8 30 61
30 52 16
52 74 43
74 96 19
96 118 33
118 140 36
140 162 44
162 184 69
184 206 49
206 228 47
228 250 16
250 272 64
272 294 20
294 316 47
316 338 7
338 360 57
360 382 45
382 404 11
404 426 24
426 448 30
448 470 15
9 31 60
31 53 48
53 75 19
75 97 1
97 119 14
119 141 17
141 163 34
163 185 20
185 207 31
207 229 72
229 251 38
251 273 75
273 295 46
295 317 46
317 339 72
339 361 56
361 383 6
383 405 45
405 427 41
427 449 36
449 471 66
10 32 63
32 54 59
54 76 50
76 98 47
98 120 19
120 142 1
142 164 30
164 186 57
186 208 52
208 230 41
230 252 9
252 274 53
274 296 56
296 318 15
318 340 26
340 362 54
362 384 33
384 406 11
406 428 10
428 450 65
450 472 22
11 33 10
33 55 46
55 77 6
77 99 31
99 121 74
121 143 46
143 165 58
165 187 64
187 209 29
209 231 44
231 253 3
253 275 71
275 297 34
297 319 22
319 341 44
341 363 38
363 385 56
385 407 59
407 429 16
429 451 35
451 473 6
12 34 34
34 56 50
56 78 74
78 100 23
100 122 73
122 144 44
144 166 1
166 188 11
188 210 2
210 232 36
232 254 47
254 276 71
276 298 24
298 320 54
320 342 38
342 364 65
364 386 9
386 408 62
408 430 70
430 452 13
452 474 25
13 35 66
35 57 68
57 79 48
79 101 67
101 123 63
123 145 76
145 167 20
167 189 4
189 211 29
211 233 52
233 255 7
255 277 3
277 299 18
299 321 60
321 343 38
343 365 5
365 387 55
387 409 66
409 431 44
431 453 65
453 475 43
14 36 72
36 58 7
58 80 9
80 102 15
102 124 37
124 146 75
146 168 50
168 190 67
190 212 71
212 234 35
234 256 68
256 278 43
278 300 54
300 322 64
322 344 26
344 366 11
366 388 24
388 410 23
410 432 38
432 454 18
454 476 33
15 37 33
37 59 66
59 81 33
81 103 31
103 125 7
125 147 11
147 169 59
169 191 57
191 213 54
213 235 72
235 257 32
257 279 36
279 301 32
301 323 12
323 345 50
345 367 66
367 389 17
389 411 14
411 433 4
433 455 43
455 477 66
16 38 52
38 60 50
60 82 5
82 104 49
104 126 7
126 148 7
148 170 76
170 192 69
192 214 9
214 236 46
236 258 13
258 280 19
280 302 74
302 324 58
324 346 56
346 368 53
368 390 77
390 412 37
412 434 66
434 456 9
456 478 54
17 39 67
39 61 70
61 83 36
83 105 52
105 127 62
127 149 16
149 171 43
171 193 55
193 215 35
215 237 20
237 259 44
259 281 59
281 303 31
303 325 32
325 347 73
347 369 62
369 391 28
391 413 69
413 435 63
435 457 45
457 479 12
18 40 9
40 62 14
62 84 8
84 106 28
106 128 51
128 150 59
150 172 36
172 194 60
194 216 11
216 238 51
238 260 16
260 282 73
282 304 16
304 326 51
326 348 21
348 370 28
370 392 35
392 414 11
414 436 58
436 458 24
458 480 18
19 41 12
41 63 16
63 85 69
85 107 20
107 129 54
129 151 55
151 173 56
173 195 75
195 217 49
217 239 39
239 261 36
261 283 64
283 305 75
305 327 52
327 349 48
349 371 16
371 393 76
393 415 32
415 437 73
437 459 46
459 481 70
20 42 57
42 64 69
64 86 63
86 108 48
108 130 55
130 152 43
152 174 74
174 196 10
196 218 77
218 240 11
240 262 13
262 284 13
284 306 13
306 328 11
328 350 55
350 372 35
372 394 76
394 416 27
416 438 63
438 460 52
460 482 34
21 43 36
43 65 60
65 87 58
87 109 71
109 131 56
131 153 31
153 175 35
175 197 66
197 219 43
219 241 28
241 263 34
263 285 42
285 307 43
307 329 72
329 351 70
351 373 9
373 395 18
395 417 43
417 439 53
439 461 76
461 483 25
22 44 10
44 66 37
66 88 37
88 110 57
110 132 69
132 154 67
154 176 48
176 198 63
198 220 33
220 242 28
242 264 49
264 286 30
286 308 25
308 330 49
330 352 77
352 374 30
374 396 16
396 418 22
418 440 57
440 462 4
462 484 30
1 2 69
2 3 3
3 4 27
4 5 4
5 6 73
6 7 4
7 8 60
8 9 29
9 10 48
10 11 7
11 12 62
12 13 55
13 14 32
14 15 61
15 16 25
16 17 40
17 18 54
18 19 18
19 20 19
20 21 48
21 22 5
23 24 33
24 25 46
25 26 66
26 27 30
27 28 21
28 29 66
29 30 43
30 31 37
31 32 59
32 33 52
33 34 15
34 35 60
35 36 7
36 37 17
37 38 17
38 39 37
39 40 1
40 41 70
41 42 74
42 43 46
43 44 12
45 46 67
46 47 69
47 48 11
48 49 71
49 50 13
50 51 70
51 52 60
52 53 12
53 54 3
54 55 53
55 56 6
56 57 51
57 58 64
58 59 57
59 60 76
60 61 75
61 62 31
62 63 7
63 64 71
64 65 62
65 66 62
67 68 37
68 69 24
69 70 16
70 71 23
71 72 74
72 73 11
73 74 54
74 75 26
75 76 16
76 77 9
77 78 29
78 79 71
79 80 77
80 81 6
81 82 16
82 83 20
83 84 74
84 85 72
85 86 15
86 87 32
87 88 3
89 90 17
90 91 64
91 92 9
92 93 58
93 94 54
94 95 20
95 96 48
96 97 68
97 98 35
98 99 32
99 100 67
100 101 59
101 102 74
102 103 20
103 104 48
104 105 53
105 106 27
106 107 16
107 108 4
108 109 77
109 110 40
111 112 24
112 113 77
113 114 38
114 115 39
115 116 53
116 117 28
117 118 66
118 119 22
119 120 64
120 121 47
121 122 5
122 123 66
123 124 75
124 125 2
125 126 55
126 127 51
127 128 39
128 129 16
129 130 55
130 131 72
131 132 49
133 134 67
134 135 37
135 136 59
136 137 26
137 138 31
138 139 7
139 140 51
140 141 6
141 142 49
142 143 33
143 144 42
144 145 5
145 146 12
146 147 44
147 148 31
148 149 14
149 150 23
150 151 18
151 152 66
152 153 23
153 154 18
155 156 49
156 157 75
157 158 36
158 159 57
159 160 44
160 161 14
161 162 31
162 163 21
163 164 60
164 165 6
165 166 21
166 167 8
167 168 75
168 169 29
169 170 22
170 171 75
171 172 5
172 173 39
173 174 4
174 175 34
175 176 11
177 178 54
178 179 38
179 180 58
180 181 16
181 182 57
182 183 58
183 184 18
184 185 5
185 186 57
186 187 52
187 188 22
188 189 3
189 190 31
190 191 38
191 192 4
192 193 70
193 194 68
194 195 52
195 196 9
196 197 27
197 198 13
199 200 54
200 201 57
201 202 15
202 203 16
203 204 45
204 205 57
205 206 34
206 207 51
207 208 35
208 209 33
209 210 74
210 211 2
211 212 14
212 213 65
213 214 14
214 215 13
215 216 44
216 217 27
217 218 50
218 219 22
219 220 31
221 222 70
222 223 45
223 224 50
224 225 12
225 226 5
226 227 23
227 228 37
228 229 30
229 230 42
230 231 16
231 232 77
232 233 27
233 234 75
234 235 52
235 236 16
236 237 11
237 238 31
238 239 34
239 240 8
240 241 14
241 242 72
243 244 64
244 245 14
245 246 61
246 247 75
247 248 18
248 249 29
249 250 73
250 251 32
251 252 48
252 253 44
253 254 2
254 255 47
255 256 71
256 257 45
257 258 64
258 259 72
259 260 13
260 261 74
261 262 71
262 263 54
263 264 49
265 266 17
266 267 66
267 268 57
268 269 66
269 270 17
270 271 24
271 272 14
272 273 18
273 274 19
274 275 38
275 276 33
276 277 54
277 278 36
278 279 44
279 280 2
280 281 3
281 282 24
282 283 12
283 284 65
284 285 52
285 286 39
287 288 70
288 289 17
289 290 4
290 291 36
291 292 3
292 293 10
293 294 20
294 295 15
295 296 2
296 297 42
297 298 34
298 299 37
299 300 28
300 301 48
301 302 76
302 303 69
303 304 30
304 305 53
305 306 12
306 307 6
307 308 28
309 310 14
310 311 77
311 312 16
312 313 10
313 314 54
314 315 76
315 316 13
316 317 65
317 318 22
318 319 61
319 320 45
320 321 27
321 322 33
322 323 55
323 324 46
324 325 19
325 326 12
326 327 24
327 328 19
328 329 68
329 330 49
331 332 69
332 333 73
333 334 69
334 335 70
335 336 69
336 337 72
337 338 53
338 339 55
339 340 67
340 341 70
341 342 76
342 343 64
343 344 6
344 345 5
345 346 36
346 347 25
347 348 51
348 349 66
349 350 3
350 351 59
351 352 11
353 354 70
354 355 19
355 356 36
356 357 70
357 358 31
358 359 11
359 360 14
360 361 60
361 362 5
362 363 30
363 364 47
364 365 70
365 366 15
366 367 6
367 368 47
368 369 48
369 370 22
370 371 13
371 372 7
372 373 6
373 374 29
375 376 1
376 377 75
377 378 71
378 379 9
379 380 48
380 381 19
381 382 17
382 383 8
383 384 10
384 385 61
385 386 59
386 387 11
387 388 32
388 389 1
389 390 12
390 391 39
391 392 7
392 393 53
393 394 42
394 395 33
395 396 1
397 398 31
398 399 49
399 400 20
400 401 74
401 402 47
402 403 43
403 404 68
404 405 52
405 406 53
406 407 76
407 408 34
408 409 45
409 410 74
410 411 71
411 412 62
412 413 3
413 414 25
414 415 57
415 416 72
416 417 56
417 418 54
419 420 69
420 421 31
421 422 45
422 423 73
423 424 53
424 425 11
425 426 19
426 427 7
427 428 18
428 429 36
429 430 27
430 431 48
431 432 15
432 433 22
433 434 72
434 435 10
435 436 24
436 437 76
437 438 75
438 439 35
439 440 71
441 442 69
442 443 24
443 444 7
444 445 34
445 446 39
446 447 26
447 448 47
448 449 56
449 450 29
450 451 4
451 452 48
452 453 30
453 454 7
454 455 67
455 456 57
456 457 10
457 458 72
458 459 25
459 460 32
460 461 49
461 462 57
463 464 60
464 465 7
465 466 71
466 467 8
467 468 31
468 469 57
469 470 5
470 471 28
471 472 75
472 473 55
473 474 57
474 475 18
475 476 9
476 477 43
477 478 70
478 479 67
479 480 65
480 481 50
481 482 1
482 483 64
483 484 57
961 1860
9990
2521
1461
8587
7201
3267
3875
8665
2558
2406
2852
6544
2584
6360
9256
5705
4818
7409
3944
6767
7825
6543
5644
7348
4493
2104
4568
513
5981
5296
8753
1752
3463
7044
2605
7123
7072
631
5561
8445
797
3968
1755
857
8472
8582
1233
9600
5757
4855
1805
7047
4779
7065
1403
3949
7195
296
5555
5746
9455
3846
8734
7009
1564
1011
977
6263
2392
8834
5306
7004
1103
5453
9164
2931
3181
3973
3766
6838
8371
1431
6088
3878
6178
2582
6611
2839
7521
5231
3000
7364
3584
4059
4869
3278
9050
5427
6798
5847
7056
2612
3226
8784
7444
5983
2901
6973
7676
4273
8574
8210
1458
3877
2672
8121
1900
6428
171
4696
2193
8158
7384
771
2512
7360
4868
3837
2057
7220
686
8107
6536
895
7899
9772
8497
8057
9699
2964
7690
4501
2358
1926
8396
2056
7740
6472
6429
2069
3940
2562
3152
6890
9943
3707
5691
8606
1446
6357
4987
9468
9435
658
1725
4331
3955
4136
9312
2790
5608
6106
1128
9492
8387
2539
5054
2824
7699
8109
3044
6178
8970
4922
8356
5734
2225
2856
7245
9511
3096
370
7622
9189
5880
5758
704
9725
454
646
4035
2348
3829
5423
5366
231
9164
6595
9281
6128
9300
8828
1405
2827
1791
1815
6771
5355
458
3566
982
5623
4980
5655
8976
1146
5845
7645
1558
7689
6903
4391
3708
1585
7595
8370
8519
9564
703
7508
9991
9300
9014
9409
2382
6733
6359
2845
8341
1058
4700
8605
6521
3490
430
6626
1708
6805
7010
1517
5346
6747
1508
1915
9087
7370
7751
8163
1761
4238
6711
4851
7213
9486
3077
4326
4073
752
4168
3830
323
9894
459
1709
406
8061
9878
1437
8086
5311
8072
1308
2415
8410
6667
7910
7471
8676
5095
1882
7424
5762
9643
5937
1912
7298
7561
2692
8328
8982
8322
5171
6372
9815
9738
4911
9562
9653
7169
9519
972
7219
1903
8129
2996
3338
1739
3344
2165
8966
9050
6389
1975
271
8622
6792
5018
5553
9292
9394
8304
616
5949
2213
9338
9134
4969
1960
6694
1314
1469
32
5961
6959
6105
7351
6857
9988
7558
992
461
6328
8827
9406
7636
9978
5081
9947
2390
4349
8225
2481
3968
8866
5692
3411
3708
872
548
4384
3392
2433
3179
3173
3511
4389
9527
927
4696
8830
5790
8204
3275
6513
355
4212
4455
5248
8400
6326
9834
2600
1675
534
421
7261
157
918
9823
7032
762
4003
2929
7328
725
1540
781
8505
784
4975
6827
7359
3910
4251
5101
4537
5621
759
6315
4060
352
8323
5810
2249
4319
3250
1640
8156
799
66
5780
1515
6029
4488
5898
4900
804
8269
4897
870
6016
7458
965
9450
544
1441
3330
7545
3067
8915
9176
3833
3077
7882
1798
8012
9072
810
3168
5301
3743
9555
8995
2864
6491
6361
9810
3902
6664
6437
9761
9733
2973
3226
533
658
206
9332
8108
8319
4595
99
1514
6633
3178
3075
2373
9223
6098
8434
3161
1573
3617
1538
5224
5870
7867
4507
4924
7599
1380
3828
5204
2018
7585
2453
1842
3384
2028
6790
7672
9080
5575
3308
707
5388
5546
8792
4058
4870
7754
4993
5335
2911
1777
5470
908
1603
5944
8986
8124
2285
1855
9412
2406
6686
9743
4541
3572
1812
1936
4796
9027
6208
3080
3976
6881
3833
8768
233
8914
5516
7737
9602
9282
2645
1040
2325
4609
811
3040
3747
3597
8760
6105
832
5831
4052
4906
3790
8176
7885
1510
6631
8645
3497
182
1842
1574
8526
6267
2017
6588
5498
1923
5482
7785
6392
8640
8985
3148
1063
5216
1280
8878
8096
7700
3893
5337
1825
6361
5930
7739
6175
2335
338
5485
4507
3698
1053
2172
4947
1965
1447
9754
3314
8614
7029
7540
6942
8288
3278
6031
3880
7422
4281
9590
1951
9554
1228
8195
108
9361
7813
1176
125
7716
8992
3034
2876
5368
1202
8874
9626
5885
2808
3834
1355
6460
9604
79
6033
6395
5780
8468
2261
7269
6626
9340
3763
5251
1537
4279
4185
5742
555
9583
5766
3164
7260
8191
94
8951
3088
5981
2237
3485
8486
9905
7291
6157
5581
8500
3010
7892
3135
624
1636
2861
8234
2089
1601
8914
2522
2824
9115
5946
5214
8861
8935
475
2622
3202
8004
4722
9974
7275
3258
1966
7250
2586
4150
9445
9836
9829
2853
5355
3059
7480
7073
8778
5471
9608
2772
3189
7042
3262
139
9866
3197
9039
8890
5663
2010
3522
2141
2426
2641
3302
2710
919
8812
6405
2335
490
1050
8884
9040
1709
639
8419
3635
6750
9940
6276
2448
7706
7824
8387
5681
9112
1209
9026
5231
5208
3245
4036
3281
881
4782
2894
2596
5663
9941
1275
8395
9422
8848
4726
5209
2623
3298
3751
2857
2530
6262
295
1195
2723
9193
6073
7272
7751
6824
6490
5171
1875
1356
6425
7527
3823
730
6352
1114
1216
4358
5068
5439
9644
7947
7343
7267
1274
5667
7836
2891
4804
4841
7615
5225
1167
7857
9533
5451
1988
2732
5484
9064
8031
5423
1973
4613
6340
1268
4082
5112
3884
6898
5827
327
6061
1178
2455
703
8565
6135
9180
8978
3892
1389
926
8598
7394
7459
3188
514
9359
5102
776
6596
9755
9931
116
5358
5248
9104
3449
7769
7903
7612
9383
6615
7193
1239
8427
626
6264
1187
7160
645
1330
2667
6150
1231
9060
7866
907
1998
4638
827
5554
6017
6468
6486
1187
8184
6158
7191
1549
7218
2212
7667
5763
1768
1420
3238
4097
4371
600
7013
3517
7356
3585
4099
5590
7641
2003
2034
3040
4447
3291
7536
3712
7023
4557
8645
1636
4096
3276
2422
3882
8445
8785
3133
9048
3931
5029
7123
2029
8177
1416
5738
6950
9071
9665
8773
2924
9917
3149
7909
838
1 32 9072
32 63 8408
63 94 8677
94 125 2574
125 156 9129
156 187 3375
187 218 4903
218 249 9300
249 280 7147
280 311 685
311 342 9811
342 373 2872
373 404 9640
404 435 1279
435 466 5291
466 497 913
497 528 6485
528 559 576
559 590 5571
590 621 1223
621 652 5079
652 683 2909
683 714 2936
714 745 3533
745 776 6564
776 807 5779
807 838 6840
838 869 7111
869 900 9545
900 931 9380
2 33 9755
33 64 1613
64 95 4950
95 126 2110
126 157 8338
157 188 9284
188 219 6391
219 250 9759
250 281 8499
281 312 332
312 343 7084
343 374 7128
374 405 1665
405 436 2788
436 467 1044
467 498 9145
498 529 3087
529 560 8377
560 591 6652
591 622 1959
622 653 8678
653 684 857
684 715 6631
715 746 1579
746 777 1855
777 808 2799
808 839 4804
839 870 3191
870 901 2154
901 932 7667
3 34 7836
34 65 2891
65 96 427
96 127 9388
127 158 8897
158 189 8911
189 220 867
220 251 9430
251 282 2157
282 313 452
313 344 5644
344 375 6745
375 406 4527
406 437 5301
437 468 589
468 499 8211
499 530 9007
530 561 7488
561 592 3966
592 623 3424
623 654 2925
654 685 6600
685 716 2835
716 747 5433
747 778 3284
778 809 6695
809 840 576
840 871 4111
871 902 9693
902 933 869
4 35 9019
35 66 8462
66 97 2795
97 128 9842
128 159 8493
159 190 7705
190 221 6380
221 252 1308
252 283 4600
283 314 2752
314 345 6277
345 376 5106
376 407 675
407 438 671
438 469 5222
469 500 4722
500 531 9144
531 562 8798
562 593 1967
593 624 3878
624 655 7679
655 686 5298
686 717 3110
717 748 1870
748 779 6008
779 810 3681
810 841 4408
841 872 2757
872 903 4233
903 934 9083
5 36 2070
36 67 4009
67 98 4727
98 129 3066
129 160 8787
160 191 5118
191 222 3053
222 253 9835
253 284 3682
284 315 8068
315 346 6067
346 377 896
377 408 7517
408 439 3688
439 470 5330
470 501 8431
501 532 2045
532 563 1009
563 594 8538
594 625 789
625 656 3607
656 687 6916
687 718 2181
718 749 8076
749 780 7916
780 811 6702
811 842 7206
842 873 1498
873 904 870
904 935 3103
6 37 4882
37 68 8370
68 99 3937
99 130 622
130 161 631
161 192 7873
192 223 8403
223 254 3344
254 285 2278
285 316 9267
316 347 9680
347 378 2926
378 409 3449
409 440 4410
440 471 5968
471 502 5994
502 533 236
533 564 2835
564 595 4510
595 626 7418
626 657 3441
657 688 2162
688 719 1581
719 750 4360
750 781 2228
781 812 3176
812 843 1640
843 874 4389
874 905 4241
905 936 7447
7 38 2846
38 69 1172
69 100 1911
100 131 9903
131 162 8075
162 193 5284
193 224 711
224 255 1016
255 286 2007
286 317 6380
317 348 9539
348 379 6166
379 410 7866
410 441 8351
441 472 9024
472 503 7395
503 534 5188
534 565 6360
565 596 4273
596 627 9753
627 658 1027
658 689 6348
689 720 4691
720 751 8566
751 782 2673
782 813 4083
813 844 2706
844 875 6622
875 906 3502
906 937 5845
8 39 134
39 70 9467
70 101 6365
101 132 5199
132 163 8943
163 194 908
194 225 2478
225 256 8346
256 287 2705
287 318 5355
318 349 5620
349 380 2693
380 411 9971
411 442 5300
442 473 7516
473 504 6581
504 535 5538
535 566 4045
566 597 4591
597 628 1701
628 659 5317
659 690 2800
690 721 9566
721 752 2576
752 783 8512
783 814 3236
814 845 100
845 876 2846
876 907 893
907 938 7432
9 40 5442
40 71 5016
71 102 4172
102 133 9149
133 164 9732
164 195 961
195 226 5040
226 257 1434
257 288 3390
288 319 2397
319 350 1364
350 381 1535
381 412 5439
412 443 6857
443 474 7239
474 505 1385
505 536 2401
536 567 2556
567 598 7369
598 629 4526
629 660 2030
660 691 4111
691 722 4526
722 753 328
753 784 1804
784 815 8403
815 846 8818
846 877 3071
877 908 6810
908 939 8721
10 41 7366
41 72 9078
72 103 7867
103 134 9866
134 165 3541
165 196 3393
196 227 1895
227 258 4431
258 289 1794
289 320 5218
320 351 3826
351 382 3504
382 413 6774
413 444 6304
444 475 8848
475 506 4083
506 537 4803
537 568 4494
568 599 3623
599 630 7908
630 661 6962
661 692 753
692 723 6801
723 754 383
754 785 8578
785 816 5339
816 847 8050
847 878 1807
878 909 9904
909 940 7905
11 42 7605
42 73 758
73 104 408
104 135 2042
135 166 9802
166 197 8631
197 228 5387
228 259 7014
259 290 3526
290 321 2852
321 352 8830
352 383 8460
383 414 2555
414 445 141
445 476 8858
476 507 5341
507 538 4349
538 569 9305
569 600 3534
600 631 4176
631 662 5213
662 693 4004
693 724 9260
724 755 2951
755 786 8645
786 817 9376
817 848 9279
848 879 207
879 910 6577
910 941 5315
12 43 2812
43 74 7682
74 105 7272
105 136 5138
136 167 3648
167 198 4249
198 229 6685
229 260 2295
260 291 6930
291 322 4885
322 353 6977
353 384 5802
384 415 6625
415 446 2682
446 477 3878
477 508 6028
508 539 6455
539 570 3041
570 601 9070
601 632 9192
632 663 6099
663 694 5911
694 725 9578
725 756 4844
756 787 4094
787 818 5021
818 849 1787
849 880 8624
880 911 1502
911 942 2547
13 44 226
44 75 6659
75 106 958
106 137 236
137 168 1243
168 199 1389
199 230 4047
230 261 9493
261 292 1901
292 323 5613
323 354 9828
354 385 9008
385 416 3175
416 447 4921
447 478 9987
478 509 2757
509 540 4934
540 571 253
571 602 7262
602 633 6132
633 664 7704
664 695 883
695 726 6171
726 757 9010
757 788 1935
788 819 3493
819 850 6230
850 881 8681
881 912 7742
912 943 9907
14 45 600
45 76 5475
76 107 5123
107 138 7409
138 169 4186
169 200 1426
200 231 3086
231 262 6751
262 293 5006
293 324 7288
324 355 2731
355 386 6073
386 417 8805
417 448 2459
448 479 8661
479 510 9556
510 541 85
541 572 9662
572 603 7736
603 634 4400
634 665 8154
665 696 1153
696 727 8850
727 758 8243
758 789 1750
789 820 7541
820 851 8779
851 882 4077
882 913 7935
913 944 2667
15 46 2032
46 77 4942
77 108 5811
108 139 4980
139 170 8029
170 201 9765
201 232 882
232 263 3954
263 294 3256
294 325 7138
325 356 1192
356 387 9645
387 418 4377
418 449 4969
449 480 5702
480 511 5427
511 542 6532
542 573 4674
573 604 4029
604 635 2726
635 666 586
666 697 7536
697 728 3900
728 759 1150
759 790 9662
790 821 9162
821 852 8547
852 883 9995
883 914 6488
914 945 685
16 47 5146
47 78 5472
78 109 9192
109 140 7877
140 171 21
171 202 6084
202 233 1714
233 264 5013
264 295 5698
295 326 1743
326 357 1179
357 388 575
388 419 9102
419 450 7089
450 481 6869
481 512 3371
512 543 5358
543 574 1641
574 605 3572
605 636 3728
636 667 2433
667 698 7553
698 729 9453
729 760 2558
760 791 9661
791 822 5650
822 853 1543
853 884 9608
884 915 3504
915 946 3
17 48 9951
48 79 3703
79 110 1585
110 141 6414
141 172 3477
172 203 1855
203 234 3875
234 265 4910
265 296 8909
296 327 2290
327 358 8896
358 389 5290
389 420 5292
420 451 3166
451 482 9940
482 513 9266
513 544 3213
544 575 1598
575 606 2466
606 637 4818
637 668 4603
668 699 8449
699 730 1189
730 761 5933
761 792 6022
792 823 5868
823 854 1253
854 885 7467
885 916 6613
916 947 6230
18 49 6442
49 80 649
80 111 1420
111 142 6490
142 173 4722
173 204 9364
204 235 1566
235 266 1394
266 297 9452
297 328 7296
328 359 6059
359 390 2757
390 421 3028
421 452 9747
452 483 516
483 514 5354
514 545 4438
545 576 8296
576 607 2562
607 638 4763
638 669 5477
669 700 290
700 731 655
731 762 2690
762 793 3171
793 824 9556
824 855 1661
855 886 6934
886 917 4163
917 948 6129
19 50 2039
50 81 1663
81 112 1845
112 143 73
143 174 7091
174 205 8654
205 236 3509
236 267 8838
267 298 9564
298 329 4708
329 360 2286
360 391 6569
391 422 6065
422 453 4101
453 484 9421
484 515 5320
515 546 2622
546 577 5448
577 608 1517
608 639 6207
639 670 2609
670 701 4421
701 732 3368
732 763 8416
763 794 357
794 825 2044
825 856 1736
856 887 8347
887 918 7808
918 949 103
20 51 1144
51 82 9848
82 113 9019
113 144 9076
144 175 7014
175 206 5884
206 237 6802
237 268 7412
268 299 9384
299 330 3015
330 361 7833
361 392 9108
392 423 9394
423 454 7310
454 485 5918
485 516 6486
516 547 377
547 578 3628
578 609 2567
609 640 2012
640 671 5627
671 702 1312
702 733 1782
733 764 7137
764 795 3449
795 826 9201
826 857 8587
857 888 7742
888 919 3263
919 950 3030
21 52 6326
52 83 9226
83 114 3325
114 145 2215
145 176 2587
176 207 321
207 238 9517
238 269 9913
269 300 838
300 331 8728
331 362 9859
362 393 2404
393 424 8948
424 455 561
455 486 2256
486 517 955
517 548 7705
548 579 3438
579 610 2545
610 641 9918
641 672 2226
672 703 6572
703 734 1405
734 765 1501
765 796 1654
796 827 5590
827 858 5879
858 889 4055
889 920 8745
920 951 3365
22 53 3585
53 84 9351
84 115 3811
115 146 7514
146 177 6546
177 208 6923
208 239 5439
239 270 2128
270 301 8489
301 332 7922
332 363 9528
363 394 500
394 425 2800
425 456 5610
456 487 1094
487 518 1728
518 549 1243
549 580 995
580 611 7210
611 642 4745
642 673 103
673 704 3134
704 735 1997
735 766 7656
766 797 7613
797 828 721
828 859 8804
859 890 1609
890 921 2889
921 952 9497
23 54 9470
54 85 3216
85 116 726
116 147 8159
147 178 2269
178 209 909
209 240 1276
240 271 4601
271 302 1687
302 333 7790
333 364 183
364 395 475
395 426 8774
426 457 93
457 488 3049
488 519 7375
519 550 9685
550 581 9507
581 612 2034
612 643 9822
643 674 6314
674 705 4639
705 736 4898
736 767 4439
767 798 550
798 829 5536
829 860 3792
860 891 1732
891 922 7418
922 953 291
24 55 2260
55 86 8188
86 117 7678
117 148 4350
148 179 3496
179 210 2455
210 241 7594
241 272 1694
272 303 5490
303 334 1452
334 365 9001
365 396 1222
396 427 6286
427 458 9460
458 489 7700
489 520 8571
520 551 7289
551 582 5507
582 613 5500
613 644 3397
644 675 2282
675 706 8185
706 737 9359
737 768 4667
768 799 6218
799 830 3727
830 861 5309
861 892 5909
892 923 7343
923 954 9509
25 56 8367
56 87 4320
87 118 9473
118 149 9072
149 180 79
180 211 7849
211 242 7278
242 273 3197
273 304 4901
304 335 4396
335 366 4524
366 397 6002
397 428 9583
428 459 8636
459 490 1071
490 521 9696
521 552 2274
552 583 7402
583 614 5610
614 645 2892
645 676 3182
676 707 8804
707 738 1153
738 769 3078
769 800 8698
800 831 7054
831 862 6277
862 893 2641
893 924 9481
924 955 416
26 57 2196
57 88 984
88 119 6046
119 150 2171
150 181 7751
181 212 893
212 243 1076
243 274 3980
274 305 4525
305 336 3225
336 367 1252
367 398 7295
398 429 5877
429 460 3477
460 491 366
491 522 9473
522 553 7517
553 584 9651
584 615 7993
615 646 2071
646 677 1008
677 708 705
708 739 6908
739 770 4173
770 801 9454
801 832 2289
832 863 3844
863 894 3126
894 925 1458
925 956 5861
27 58 6691
58 89 9588
89 120 5562
120 151 525
151 182 6402
182 213 6642
213 244 3758
244 275 6371
275 306 4961
306 337 9750
337 368 3986
368 399 8136
399 430 7574
430 461 328
461 492 7475
492 523 2185
523 554 3674
554 585 6086
585 616 9354
616 647 5428
647 678 9906
678 709 2985
709 740 8294
740 771 6501
771 802 4658
802 833 5311
833 864 8659
864 895 6540
895 926 7280
926 957 1618
28 59 3814
59 90 8424
90 121 4711
121 152 5566
152 183 3899
183 214 5664
214 245 8116
245 276 6391
276 307 3687
307 338 730
338 369 8630
369 400 5028
400 431 9398
431 462 2476
462 493 6215
493 524 3884
524 555 2035
555 586 7129
586 617 1915
617 648 9656
648 679 1015
679 710 6028
710 741 6307
741 772 1425
772 803 8167
803 834 7436
834 865 5158
865 896 7717
896 927 7117
927 958 5815
29 60 5917
60 91 4157
91 122 4605
122 153 3980
153 184 8056
184 215 1881
215 246 8730
246 277 9537
277 308 2627
308 339 8243
339 370 2734
370 401 1057
401 432 7366
432 463 2060
463 494 603
494 525 6369
525 556 2601
556 587 7890
587 618 6222
618 649 5922
649 680 8384
680 711 6654
711 742 8452
742 773 851
773 804 5898
804 835 6037
835 866 9385
866 897 6749
897 928 1456
928 959 941
30 61 1223
61 92 11
92 123 121
123 154 2386
154 185 221
185 216 8756
216 247 6898
247 278 5769
278 309 2914
309 340 14
340 371 1355
371 402 9042
402 433 3256
433 464 5142
464 495 7744
495 526 5007
526 557 9494
557 588 5461
588 619 2495
619 650 1739
650 681 7962
681 712 581
712 743 1051
743 774 6438
774 805 1723
805 836 9246
836 867 1338
867 898 9592
898 929 6818
929 960 6863
31 62 480
62 93 9422
93 124 2512
124 155 8336
155 186 5889
186 217 2660
217 248 7679
248 279 6659
279 310 2673
310 341 1324
341 372 6561
372 403 6843
403 434 1328
434 465 3808
465 496 7403
496 527 3175
527 558 1237
558 589 6414
589 620 4878
620 651 980
651 682 9710
682 713 1930
713 744 9335
744 775 3245
775 806 7934
806 837 2425
837 868 2897
868 899 7023
899 930 3488
930 961 7415
1 2 4051
2 3 4633
3 4 8482
4 5 4095
5 6 1412
6 7 3051
7 8 3710
8 9 1150
9 10 6821
10 11 4275
11 12 2433
12 13 1791
13 14 8966
14 15 8346
15 16 457
16 17 2552
17 18 9173
18 19 8996
19 20 461
20 21 3147
21 22 8591
22 23 6570
23 24 5295
24 25 9989
25 26 2385
26 27 1098
27 28 7034
28 29 9470
29 30 4667
30 31 411
32 33 6000
33 34 3412
34 35 1564
35 36 521
36 37 432
37 38 2079
38 39 6090
39 40 5535
40 41 2558
41 42 3142
42 43 3928
43 44 2847
44 45 5234
45 46 7555
46 47 3709
47 48 1690
48 49 8889
49 50 3456
50 51 8534
51 52 9784
52 53 3409
53 54 6451
54 55 989
55 56 7443
56 57 6571
57 58 8928
58 59 1441
59 60 7443
60 61 6319
61 62 2374
63 64 1608
64 65 412
65 66 1413
66 67 6159
67 68 5227
68 69 907
69 70 5412
70 71 1862
71 72 1581
72 73 8851
73 74 4133
74 75 2796
75 76 8378
76 77 1736
77 78 7691
78 79 4974
79 80 2779
80 81 231
81 82 1810
82 83 4049
83 84 5541
84 85 5696
85 86 5942
86 87 7633
87 88 2178
88 89 7719
89 90 3500
90 91 5616
91 92 3971
92 93 5135
94 95 1230
95 96 5467
96 97 9750
97 98 7480
98 99 6039
99 100 325
100 101 5778
101 102 8784
102 103 9914
103 104 4544
104 105 7606
105 106 9681
106 107 387
107 108 1085
108 109 8320
109 110 1327
110 111 1854
111 112 4561
112 113 6666
113 114 6711
114 115 5783
115 116 7894
116 117 1172
117 118 4248
118 119 5581
119 120 2454
120 121 9615
121 122 4573
122 123 2117
123 124 1087
125 126 494
126 127 4635
127 128 3148
128 129 622
129 130 2528
130 131 1241
131 132 3204
132 133 4464
133 134 5532
134 135 8830
135 136 897
136 137 1494
137 138 9860
138 139 829
139 140 9771
140 141 8423
141 142 4330
142 143 2067
143 144 174
144 145 4758
145 146 8371
146 147 2832
147 148 3785
148 149 8434
149 150 6774
150 151 1753
151 152 936
152 153 9861
153 154 2549
154 155 3764
156 157 8339
157 158 7007
158 159 6525
159 160 2090
160 161 9837
161 162 5361
162 163 3134
163 164 7050
164 165 6602
165 166 7261
166 167 7234
167 168 2051
168 169 5086
169 170 599
170 171 8976
171 172 7407
172 173 812
173 174 6462
174 175 961
175 176 340
176 177 1509
177 178 9334
178 179 545
179 180 6663
180 181 8216
181 182 5728
182 183 9685
183 184 9122
184 185 5398
185 186 7992
187 188 6336
188 189 9627
189 190 5703
190 191 9895
191 192 6684
192 193 4384
193 194 9868
194 195 5473
195 196 6986
196 197 8766
197 198 5592
198 199 7045
199 200 2389
200 201 142
201 202 6457
202 203 1103
203 204 6290
204 205 7283
205 206 3567
206 207 3640
207 208 3701
208 209 8152
209 210 5910
210 211 486
211 212 452
212 213 1353
213 214 2572
214 215 5275
215 216 3427
216 217 7989
218 219 8789
219 220 5901
220 221 5469
221 222 8349
222 223 7929
223 224 4193
224 225 2484
225 226 1609
226 227 5068
227 228 2193
228 229 6819
229 230 2094
230 231 6881
231 232 8650
232 233 3859
233 234 8516
234 235 9082
235 236 7638
236 237 3993
237 238 7097
238 239 9706
239 240 7319
240 241 5045
241 242 7363
242 243 236
243 244 820
244 245 1166
245 246 1894
246 247 4465
247 248 2029
249 250 7622
250 251 3615
251 252 5507
252 253 9215
253 254 4666
254 255 2284
255 256 4496
256 257 7147
257 258 8303
258 259 9897
259 260 9211
260 261 9880
261 262 6166
262 263 1682
263 264 1391
264 265 2025
265 266 9614
266 267 1516
267 268 6283
268 269 3399
269 270 6895
270 271 416
271 272 8675
272 273 9499
273 274 1427
274 275 6062
275 276 2630
276 277 1826
277 278 5121
278 279 2063
280 281 4213
281 282 9700
282 283 8155
283 284 2094
284 285 102
285 286 2806
286 287 3706
287 288 663
288 289 6290
289 290 5458
290 291 107
291 292 1335
292 293 3466
293 294 6043
294 295 1835
295 296 4374
296 297 5999
297 298 5574
298 299 1744
299 300 4269
300 301 3359
301 302 8116
302 303 4774
303 304 6936
304 305 3226
305 306 3458
306 307 7205
307 308 9147
308 309 2896
309 310 7120
311 312 3098
312 313 7360
313 314 8903
314 315 6627
315 316 3638
316 317 3264
317 318 9841
318 319 1128
319 320 8850
320 321 6472
321 322 7246
322 323 8268
323 324 1300
324 325 9554
325 326 3038
326 327 8363
327 328 551
328 329 9992
329 330 339
330 331 2532
331 332 6204
332 333 5202
333 334 531
334 335 1856
335 336 3366
336 337 4420
337 338 8846
338 339 8428
339 340 6898
340 341 4589
342 343 8932
343 344 9209
344 345 5017
345 346 3849
346 347 1277
347 348 1091
348 349 9331
349 350 8844
350 351 1219
351 352 3430
352 353 1906
353 354 3286
354 355 8840
355 356 864
356 357 6377
357 358 9875
358 359 6945
359 360 9229
360 361 768
361 362 8731
362 363 4007
363 364 641
364 365 7989
365 366 3211
366 367 4913
367 368 9179
368 369 102
369 370 7092
370 371 330
371 372 9633
373 374 8269
374 375 5202
375 376 2232
376 377 5158
377 378 9725
378 379 1532
379 380 8396
380 381 1845
381 382 6635
382 383 1229
383 384 6095
384 385 2388
385 386 7442
386 387 3995
387 388 2029
388 389 1269
389 390 3634
390 391 330
391 392 4594
392 393 4672
393 394 1495
394 395 7292
395 396 5959
396 397 7934
397 398 9412
398 399 1621
399 400 6145
400 401 2544
401 402 6963
402 403 6472
404 405 8887
405 406 9096
406 407 6258
407 408 3988
408 409 456
409 410 8004
410 411 2556
411 412 5380
412 413 5412
413 414 5997
414 415 3071
415 416 1421
416 417 1961
417 418 2481
418 419 4521
419 420 692
420 421 9865
421 422 6082
422 423 2062
423 424 9367
424 425 8507
425 426 5831
426 427 4301
427 428 3679
428 429 5825
429 430 1256
430 431 6108
431 432 1579
432 433 3831
433 434 6466
435 436 8075
436 437 8017
437 438 9383
438 439 5680
439 440 707
440 441 6302
441 442 940
442 443 2727
443 444 1437
444 445 7422
445 446 7695
446 447 5936
447 448 4113
448 449 9975
449 450 3067
450 451 3284
451 452 6018
452 453 1907
453 454 9249
454 455 6250
455 456 9916
456 457 3023
457 458 3932
458 459 6109
459 460 397
460 461 4062
461 462 83
462 463 1778
463 464 7290
464 465 2723
466 467 7563
467 468 4823
468 469 1344
469 470 5570
470 471 8024
471 472 4733
472 473 3404
473 474 6363
474 475 5390
475 476 4761
476 477 5166
477 478 9286
478 479 1806
479 480 9492
480 481 6710
481 482 1757
482 483 7495
483 484 9771
484 485 6532
485 486 5724
486 487 1663
487 488 5556
488 489 7228
489 490 6838
490 491 3267
491 492 1511
492 493 1861
493 494 1446
494 495 5917
495 496 5220
497 498 8881
498 499 4096
499 500 8879
500 501 5815
501 502 3100
502 503 362
503 504 6012
504 505 9764
505 506 7662
506 507 3944
507 508 4028
508 509 528
509 510 2604
510 511 9586
511 512 252
512 513 8835
513 514 1824
514 515 1612
515 516 2889
516 517 264
517 518 7781
518 519 2230
519 520 3893
520 521 249
521 522 2808
522 523 2468
523 524 4425
524 525 8909
525 526 3016
526 527 1591
528 529 9046
529 530 2225
530 531 62
531 532 6965
532 533 2660
533 534 2188
534 535 6470
535 536 2541
536 537 6130
537 538 177
538 539 587
539 540 6761
540 541 6798
541 542 8764
542 543 8123
543 544 8209
544 545 2802
545 546 8453
546 547 5520
547 548 5311
548 549 47
549 550 3332
550 551 8602
551 552 2830
552 553 788
553 554 3035
554 555 847
555 556 2780
556 557 7976
557 558 3397
559 560 6086
560 561 55
561 562 7990
562 563 618
563 564 2199
564 565 8765
565 566 9630
566 567 1678
567 568 7844
568 569 8249
569 570 1623
570 571 6958
571 572 2972
572 573 4127
573 574 6351
574 575 9080
575 576 4875
576 577 9053
577 578 1227
578 579 9219
579 580 9317
580 581 7509
581 582 3809
582 583 318
583 584 8307
584 585 1764
585 586 5520
586 587 9050
587 588 6142
588 589 4711
590 591 8272
591 592 180
592 593 9678
593 594 362
594 595 8812
595 596 6268
596 597 2882
597 598 4774
598 599 2474
599 600 2913
600 601 5234
601 602 9922
602 603 331
603 604 7136
604 605 5398
605 606 8986
606 607 5777
607 608 9273
608 609 7255
609 610 6820
610 611 3038
611 612 5514
612 613 7235
613 614 2713
614 615 5853
615 616 608
616 617 3492
617 618 4312
618 619 7037
619 620 9862
621 622 4227
622 623 1249
623 624 8314
624 625 6772
625 626 8842
626 627 9436
627 628 5897
628 629 8645
629 630 2423
630 631 6381
631 632 7506
632 633 873
633 634 7194
634 635 2221
635 636 9653
636 637 8371
637 638 7793
638 639 5811
639 640 9274
640 641 3116
641 642 6240
642 643 6139
643 644 5667
644 645 8398
645 646 3065
646 647 4257
647 648 6754
648 649 5945
649 650 4826
650 651 7696
652 653 6765
653 654 2127
654 655 2759
655 656 8598
656 657 7996
657 658 6863
658 659 4279
659 660 2186
660 661 4913
661 662 1895
662 663 7802
663 664 8396
664 665 2295
665 666 6393
666 667 1474
667 668 1082
668 669 7251
669 670 4640
670 671 6938
671 672 2390
672 673 2357
673 674 4715
674 675 9653
675 676 1304
676 677 4013
677 678 1945
678 679 5700
679 680 414
680 681 2118
681 682 7186
683 684 3059
684 685 416
685 686 4355
686 687 5274
687 688 2144
688 689 2335
689 690 5309
690 691 965
691 692 2460
692 693 9844
693 694 1253
694 695 5465
695 696 8883
696 697 7783
697 698 5923
698 699 9067
699 700 4318
700 701 2548
701 702 617
702 703 2072
703 704 4078
704 705 3344
705 706 6538
706 707 434
707 708 8535
708 709 6137
709 710 8799
710 711 3460
711 712 5313
712 713 9331
714 715 3166
715 716 7831
716 717 1341
717 718 5853
718 719 4346
719 720 6353
720 721 6319
721 722 7749
722 723 5325
723 724 9227
724 725 3697
725 726 3171
726 727 7764
727 728 7127
728 729 502
729 730 9296
730 731 9907
731 732 3046
732 733 454
733 734 4479
734 735 3338
735 736 8513
736 737 63
737 738 1265
738 739 2695
739 740 7768
740 741 3703
741 742 7007
742 743 7539
743 744 9884
745 746 3218
746 747 6899
747 748 7436
748 749 5615
749 750 2886
750 751 1327
751 752 8982
752 753 4745
753 754 418
754 755 7290
755 756 4898
756 757 3691
757 758 6201
758 759 8713
759 760 4444
760 761 2741
761 762 5326
762 763 6940
763 764 9611
764 765 3530
765 766 1247
766 767 9074
767 768 9550
768 769 2987
769 770 4033
770 771 5334
771 772 2518
772 773 660
773 774 9046
774 775 5598
776 777 2768
777 778 8416
778 779 1776
779 780 2519
780 781 1392
781 782 8212
782 783 773
783 784 3531
784 785 8063
785 786 4429
786 787 7859
787 788 329
788 789 8040
789 790 2511
790 791 8014
791 792 1298
792 793 6221
793 794 138
794 795 3472
795 796 8510
796 797 6785
797 798 8630
798 799 1014
799 800 9257
800 801 4198
801 802 1835
802 803 7641
803 804 5905
804 805 4412
805 806 947
807 808 9526
808 809 4847
809 810 5761
810 811 4144
811 812 4400
812 813 6611
813 814 5263
814 815 9784
815 816 7677
816 817 3794
817 818 9595
818 819 3658
819 820 2717
820 821 2337
821 822 394
822 823 3582
823 824 7004
824 825 2338
825 826 7180
826 827 4240
827 828 5567
828 829 6399
829 830 726
830 831 1565
831 832 4197
832 833 9923
833 834 6782
834 835 745
835 836 7216
836 837 6180
838 839 9520
839 840 1723
840 841 3296
841 842 7090
842 843 7711
843 844 8095
844 845 8108
845 846 1698
846 847 8050
847 848 1217
848 849 9781
849 850 7787
850 851 290
851 852 652
852 853 9652
853 854 5556
854 855 8027
855 856 2546
856 857 575
857 858 3155
858 859 5479
859 860 2474
860 861 8183
861 862 3250
862 863 7087
863 864 8500
864 865 9546
865 866 6939
866 867 5191
867 868 5380
869 870 747
870 871 3704
871 872 7176
872 873 5455
873 874 2966
874 875 4605
875 876 3898
876 877 9881
877 878 3637
878 879 9290
879 880 6489
880 881 5300
881 882 8552
882 883 4271
883 884 5383
884 885 3556
885 886 8593
886 887 534
887 888 5823
888 889 4594
889 890 3533
890 891 857
891 892 1861
892 893 9904
893 894 7970
894 895 5722
895 896 9993
896 897 5322
897 898 5613
898 899 1490
900 901 9650
901 902 6767
902 903 2240
903 904 4007
904 905 3914
905 906 1777
906 907 8435
907 908 5405
908 909 4042
909 910 9707
910 911 283
911 912 8051
912 913 7439
913 914 2071
914 915 8471
915 916 3798
916 917 1072
917 918 5120
918 919 7002
919 920 420
920 921 8022
921 922 8959
922 923 3770
923 924 5158
924 925 2684
925 926 2477
926 927 6126
927 928 8690
928 929 5819
929 930 1208
931 932 9422
932 933 8092
933 934 1948
934 935 7221
935 936 6993
936 937 7199
937 938 1286
938 939 3305
939 940 2954
940 941 9629
941 942 9959
942 943 2308
943 944 8476
944 945 4839
945 946 9252
946 947 6162
947 948 3498
948 949 7909
949 950 3418
950 951 4147
951 952 8558
952 953 8649
953 954 7677
954 955 4210
955 956 4589
956 957 4031
957 958 7072
958 959 5774
959 960 2905
960 961 6217
