1000
1 1000000 0.289383
2 1000000 0.930886
3 1000000 0.692777
4 1000000 0.636915
5 1000000 0.747793
6 1000000 0.238335
7 1000000 0.885386
8 1000000 0.760492
9 1000000 0.516649
10 1000000 0.641421
11 1000000 0.202362
12 1000000 0.490027
13 1000000 0.36869
14 1000000 0.520059
15 1000000 0.897763
16 1000000 0.513926
17 1000000 0.18054
18 1000000 0.383426
19 1000000 0.089172
20 1000000 0.455736
21 1000000 0.005211
22 1000000 0.595368
23 1000000 0.702567
24 1000000 0.956429
25 1000000 0.465782
26 1000000 0.02153
27 1000000 0.722862
28 1000000 0.665123
29 1000000 0.174067
30 1000000 0.703135
31 1000000 0.513929
32 1000000 0.979802
33 1000000 0.634022
34 1000000 0.723058
35 1000000 0.133069
36 1000000 0.898167
37 1000000 0.961393
38 1000000 0.018456
39 1000000 0.175011
40 1000000 0.478042
41 1000000 0.176229
42 1000000 0.377373
43 1000000 0.484421
44 1000000 0.544919
45 1000000 0.413784
46 1000000 0.898537
47 1000000 0.575198
48 1000000 0.594324
49 1000000 0.798315
50 1000000 0.66437
51 1000000 0.566413
52 1000000 0.803526
53 1000000 0.776091
54 1000000 0.26898
55 1000000 0.759956
56 1000000 0.241873
57 1000000 0.806862
58 1000000 0.99917
59 1000000 0.906996
60 1000000 0.497281
61 1000000 0.702305
62 1000000 0.420925
63 1000000 0.477084
64 1000000 0.336327
65 1000000 0.660336
66 1000000 0.126505
67 1000000 0.750846
68 1000000 0.621729
69 1000000 0.661313
70 1000000 0.925857
71 1000000 0.616124
72 1000000 0.353895
73 1000000 0.819582
74 1000000 0.100545
75 1000000 0.898814
76 1000000 0.233367
77 1000000 0.515434
78 1000000 0.990364
79 1000000 0.344043
80 1000000 0.31375
81 1000000 0.171087
82 1000000 0.426808
83 1000000 0.117276
84 1000000 0.947178
85 1000000 0.695788
86 1000000 0.393584
87 1000000 0.705403
88 1000000 0.502651
89 1000000 0.392754
90 1000000 0.612399
91 1000000 0.999932
92 1000000 0.09506
93 1000000 0.549676
94 1000000 0.993368
95 1000000 0.947739
96 1000000 0.210012
97 1000000 0.636226
98 1000000 0.698586
99 1000000 0.348094
100 1000000 0.297539
101 1000000 0.140795
102 1000000 0.48057
103 1000000 0.651434
104 1000000 0.960378
105 1000000 0.097467
106 1000000 0.066601
107 1000000 0.710097
108 1000000 0.612902
109 1000000 0.573317
110 1000000 0.570492
111 1000000 0.926652
112 1000000 0.260756
113 1000000 0.997301
114 1000000 0.56028
115 1000000 0.724286
116 1000000 0.209441
117 1000000 0.953865
118 1000000 0.429689
119 1000000 0.228444
120 1000000 0.346619
121 1000000 0.55844
122 1000000 0.744729
123 1000000 0.958031
124 1000000 0.108117
125 1000000 0.738097
126 1000000 0.905771
127 1000000 0.834481
128 1000000 0.890675
129 1000000 0.120709
130 1000000 0.698927
131 1000000 0.704567
132 1000000 0.777856
133 1000000 0.179497
134 1000000 0.872353
135 1000000 0.254586
136 1000000 0.276965
137 1000000 0.455306
138 1000000 0.964683
139 1000000 0.406219
140 1000000 0.028624
141 1000000 0.051528
142 1000000 0.332871
143 1000000 0.805732
144 1000000 0.048829
145 1000000 0.409503
146 1000000 0.530019
147 1000000 0.25827
148 1000000 0.363368
149 1000000 0.959708
150 1000000 0.486715
151 1000000 0.22634
152 1000000 0.518149
153 1000000 0.747796
154 1000000 0.700723
155 1000000 0.142618
156 1000000 0.002245
157 1000000 0.122846
158 1000000 0.493451
159 1000000 0.892921
160 1000000 0.243555
161 1000000 0.192379
162 1000000 0.597488
163 1000000 0.537764
164 1000000 0.888228
165 1000000 0.469841
166 1000000 0.79235
167 1000000 0.165193
168 1000000 0.4415
169 1000000 0.757034
170 1000000 0.087764
171 1000000 0.470124
172 1000000 0.324914
173 1000000 0.936987
174 1000000 0.275856
175 1000000 0.373743
176 1000000 0.346491
177 1000000 0.322227
178 1000000 0.148365
179 1000000 0.709859
180 1000000 0.281936
181 1000000 0.151432
182 1000000 0.452551
183 1000000 0.316437
184 1000000 0.899228
185 1000000 0.153275
186 1000000 0.975407
187 1000000 0.901474
188 1000000 0.276121
189 1000000 0.468858
190 1000000 0.794395
191 1000000 0.036029
192 1000000 0.661237
193 1000000 0.908235
194 1000000 0.573793
195 1000000 0.065818
196 1000000 0.894428
197 1000000 0.366143
198 1000000 0.231011
199 1000000 0.335928
200 1000000 0.639529
201 1000000 0.318776
202 1000000 0.322404
203 1000000 0.964443
204 1000000 0.255763
205 1000000 0.114613
206 1000000 0.854538
207 1000000 0.118606
208 1000000 0.43684
209 1000000 0.002904
210 1000000 0.344818
211 1000000 0.235128
212 1000000 0.670688
213 1000000 0.797369
214 1000000 0.067917
215 1000000 0.569917
216 1000000 0.466996
217 1000000 0.043324
218 1000000 0.987743
219 1000000 0.25947
220 1000000 0.512183
221 1000000 0.29849
222 1000000 0.295499
223 1000000 0.689772
224 1000000 0.206725
225 1000000 0.385644
226 1000000 0.75559
227 1000000 0.617505
228 1000000 0.268139
229 1000000 0.502954
230 1000000 0.469786
231 1000000 0.907669
232 1000000 0.338082
233 1000000 0.308542
234 1000000 0.388464
235 1000000 0.110197
236 1000000 0.939507
237 1000000 0.759355
238 1000000 0.228804
239 1000000 0.376348
240 1000000 0.278611
241 1000000 0.573622
242 1000000 0.127828
243 1000000 0.949299
244 1000000 0.887343
245 1000000 0.195746
246 1000000 0.035568
247 1000000 0.35434
248 1000000 0.755422
249 1000000 0.023311
250 1000000 0.61381
251 1000000 0.267605
252 1000000 0.321801
253 1000000 0.425661
254 1000000 0.47373
255 1000000 0.044878
256 1000000 0.811305
257 1000000 0.22932
258 1000000 0.178736
259 1000000 0.079444
260 1000000 0.248626
261 1000000 0.648522
262 1000000 0.503465
263 1000000 0.586708
264 1000000 0.473416
265 1000000 0.408282
266 1000000 0.213258
267 1000000 0.412924
268 1000000 0.167637
269 1000000 0.442062
270 1000000 0.305624
271 1000000 0.9626
272 1000000 0.532036
273 1000000 0.433452
274 1000000 0.911899
275 1000000 0.419379
276 1000000 0.14555
277 1000000 0.947468
278 1000000 0.290071
279 1000000 0.900973
280 1000000 0.487131
281 1000000 0.903881
282 1000000 0.68493
283 1000000 0.808933
284 1000000 0.845894
285 1000000 0.15866
286 1000000 0.370163
287 1000000 0.657199
288 1000000 0.387981
289 1000000 0.548899
290 1000000 0.252996
291 1000000 0.152959
292 1000000 0.713773
293 1000000 0.272813
294 1000000 0.739668
295 1000000 0.18719
296 1000000 0.681095
297 1000000 0.952926
298 1000000 0.116466
299 1000000 0.365084
300 1000000 0.91134
301 1000000 0.42209
302 1000000 0.327684
303 1000000 0.443376
304 1000000 0.855542
305 1000000 0.755936
306 1000000 0.379107
307 1000000 0.517445
308 1000000 0.219756
309 1000000 0.669179
310 1000000 0.418418
311 1000000 0.706887
312 1000000 0.089412
313 1000000 0.103348
314 1000000 0.032172
315 1000000 0.451659
316 1000000 0.262009
317 1000000 0.402336
318 1000000 0.62521
319 1000000 0.166342
320 1000000 0.467587
321 1000000 0.878206
322 1000000 0.319301
323 1000000 0.697713
324 1000000 0.667372
325 1000000 0.575321
326 1000000 0.401255
327 1000000 0.864819
328 1000000 0.044599
329 1000000 0.517721
330 1000000 0.229904
331 1000000 0.955939
332 1000000 0.939811
333 1000000 0.07394
334 1000000 0.915667
335 1000000 0.311705
336 1000000 0.346228
337 1000000 0.811127
338 1000000 0.82915
339 1000000 0.565984
340 1000000 0.996658
341 1000000 0.76392
342 1000000 0.789224
343 1000000 0.602422
344 1000000 0.867269
345 1000000 0.821396
346 1000000 0.054081
347 1000000 0.64563
348 1000000 0.740084
349 1000000 0.679292
350 1000000 0.811972
351 1000000 0.207672
352 1000000 0.07385
353 1000000 0.647625
354 1000000 0.905385
355 1000000 0.741222
356 1000000 0.739299
357 1000000 0.30664
358 1000000 0.606042
359 1000000 0.783898
360 1000000 0.340713
361 1000000 0.352298
362 1000000 0.25619
363 1000000 0.280524
364 1000000 0.94259
365 1000000 0.688209
366 1000000 0.108581
367 1000000 0.288819
368 1000000 0.499336
369 1000000 0.937732
370 1000000 0.371155
371 1000000 0.495994
372 1000000 0.218004
373 1000000 0.160379
374 1000000 0.614769
375 1000000 0.085273
376 1000000 0.981776
377 1000000 0.66885
378 1000000 0.247255
379 1000000 0.72186
380 1000000 0.348142
381 1000000 0.575579
382 1000000 0.445884
383 1000000 0.421993
384 1000000 0.223205
385 1000000 0.867621
386 1000000 0.679567
387 1000000 0.962504
388 1000000 0.690613
389 1000000 0.801961
390 1000000 0.262754
391 1000000 0.031326
392 1000000 0.154259
393 1000000 0.518944
394 1000000 0.828202
395 1000000 0.613202
396 1000000 0.723506
397 1000000 0.936784
398 1000000 0.902021
399 1000000 0.222842
400 1000000 0.390868
401 1000000 0.789528
402 1000000 0.235189
403 1000000 0.608872
404 1000000 0.949908
405 1000000 0.849958
406 1000000 0.210498
407 1000000 0.448036
408 1000000 0.518808
409 1000000 0.457753
410 1000000 0.686248
411 1000000 0.383303
412 1000000 0.033333
413 1000000 0.132133
414 1000000 0.321648
415 1000000 0.77289
416 1000000 0.999754
417 1000000 0.517567
418 1000000 0.251746
419 1000000 0.690368
420 1000000 0.319529
421 1000000 0.5145
422 1000000 0.238046
423 1000000 0.473788
424 1000000 0.549797
425 1000000 0.066249
426 1000000 0.08699
427 1000000 0.273303
428 1000000 0.003033
429 1000000 0.505363
430 1000000 0.012497
431 1000000 0.910253
432 1000000 0.294892
433 1000000 0.247686
434 1000000 0.519125
435 1000000 0.761152
436 1000000 0.613996
437 1000000 0.245975
438 1000000 0.209188
439 1000000 0.649157
440 1000000 0.703729
441 1000000 0.895436
442 1000000 0.03246
443 1000000 0.253414
444 1000000 0.543921
445 1000000 0.87046
446 1000000 0.026304
447 1000000 0.060028
448 1000000 0.388027
449 1000000 0.27805
450 1000000 0.266748
451 1000000 0.707556
452 1000000 0.308902
453 1000000 0.504794
454 1000000 0.697697
455 1000000 0.858699
456 1000000 0.571043
457 1000000 0.301039
458 1000000 0.132002
459 1000000 0.090428
460 1000000 0.806403
461 1000000 0.1445
462 1000000 0.000681
463 1000000 0.617647
464 1000000 0.908538
465 1000000 0.036159
466 1000000 0.895151
467 1000000 0.522535
468 1000000 0.282134
469 1000000 0.104339
470 1000000 0.171692
471 1000000 0.502215
472 1000000 0.516127
473 1000000 0.720504
474 1000000 0.755629
475 1000000 0.060049
476 1000000 0.590964
477 1000000 0.298285
478 1000000 0.636429
479 1000000 0.495343
480 1000000 0.576335
481 1000000 0.903177
482 1000000 0.2029
483 1000000 0.885238
484 1000000 0.407971
485 1000000 0.416949
486 1000000 0.260289
487 1000000 0.495367
488 1000000 0.717988
489 1000000 0.392292
490 1000000 0.585795
491 1000000 0.040743
492 1000000 0.053144
493 1000000 0.102829
494 1000000 0.65839
495 1000000 0.961682
496 1000000 0.65534
497 1000000 0.553541
498 1000000 0.000569
499 1000000 0.453826
500 1000000 0.174232
501 1000000 0.172261
502 1000000 0.956042
503 1000000 0.69036
504 1000000 0.409117
505 1000000 0.228023
506 1000000 0.266761
507 1000000 8.1e-05
508 1000000 0.526309
509 1000000 0.90319
510 1000000 0.495425
511 1000000 0.618996
512 1000000 0.806367
513 1000000 0.214677
514 1000000 0.504234
515 1000000 0.73069
516 1000000 0.631626
517 1000000 0.764524
518 1000000 0.226057
519 1000000 0.349614
520 1000000 0.673168
521 1000000 0.328205
522 1000000 0.390358
523 1000000 0.726312
524 1000000 0.947386
525 1000000 0.5651
526 1000000 0.204346
527 1000000 0.602726
528 1000000 0.634994
529 1000000 0.204916
530 1000000 0.056552
531 1000000 0.325578
532 1000000 0.893529
533 1000000 0.528946
534 1000000 0.53229
535 1000000 0.302647
536 1000000 0.75697
537 1000000 0.799051
538 1000000 0.81908
539 1000000 0.799631
540 1000000 0.218593
541 1000000 0.830857
542 1000000 0.418627
543 1000000 0.541312
544 1000000 0.561886
545 1000000 0.439214
546 1000000 0.788355
547 1000000 0.193512
548 1000000 0.72009
549 1000000 0.014412
550 1000000 0.059479
551 1000000 0.90961
552 1000000 0.858969
553 1000000 0.966189
554 1000000 0.152274
555 1000000 0.806355
556 1000000 0.047641
557 1000000 0.35662
558 1000000 0.925433
559 1000000 0.198987
560 1000000 0.077888
561 1000000 0.498338
562 1000000 0.524566
563 1000000 0.48777
564 1000000 0.027284
565 1000000 0.056856
566 1000000 0.790417
567 1000000 0.300606
568 1000000 0.37226
569 1000000 0.125849
570 1000000 0.100237
571 1000000 0.107205
572 1000000 0.473059
573 1000000 0.035217
574 1000000 0.648518
575 1000000 0.034945
576 1000000 0.990783
577 1000000 0.436873
578 1000000 0.228458
579 1000000 0.710873
580 1000000 0.967637
581 1000000 0.804289
582 1000000 0.620483
583 1000000 0.826607
584 1000000 0.770478
585 1000000 0.772757
586 1000000 0.149314
587 1000000 0.334471
588 1000000 0.645729
589 1000000 0.5911
590 1000000 0.533459
591 1000000 0.723618
592 1000000 0.089438
593 1000000 0.058025
594 1000000 0.211388
595 1000000 0.633074
596 1000000 0.631233
597 1000000 0.518157
598 1000000 0.933681
599 1000000 0.003493
600 1000000 0.160358
601 1000000 0.55027
602 1000000 0.110699
603 1000000 0.633417
604 1000000 0.101839
605 1000000 0.275569
606 1000000 0.668363
607 1000000 0.092622
608 1000000 0.228794
609 1000000 0.413173
610 1000000 0.319847
611 1000000 0.196431
612 1000000 0.217462
613 1000000 0.456682
614 1000000 0.53939
615 1000000 0.504292
616 1000000 0.745791
617 1000000 0.205057
618 1000000 0.355115
619 1000000 0.391521
620 1000000 0.796157
621 1000000 0.888574
622 1000000 0.631491
623 1000000 0.401947
624 1000000 0.462951
625 1000000 0.359231
626 1000000 0.035021
627 1000000 0.610537
628 1000000 0.39374
629 1000000 0.485054
630 1000000 0.61403
631 1000000 0.554098
632 1000000 0.035325
633 1000000 0.241081
634 1000000 0.187516
635 1000000 0.653516
636 1000000 0.033002
637 1000000 0.372231
638 1000000 0.746139
639 1000000 0.261796
640 1000000 0.785404
641 1000000 0.582338
642 1000000 0.97458
643 1000000 0.519218
644 1000000 0.039021
645 1000000 0.51397
646 1000000 0.539862
647 1000000 0.784812
648 1000000 0.235379
649 1000000 0.894977
650 1000000 0.692685
651 1000000 0.031536
652 1000000 0.299904
653 1000000 0.324176
654 1000000 0.433483
655 1000000 0.279207
656 1000000 0.199759
657 1000000 0.984857
658 1000000 0.889744
659 1000000 0.593499
660 1000000 0.469911
661 1000000 0.020127
662 1000000 0.66395
663 1000000 0.505236
664 1000000 0.77756
665 1000000 0.367818
666 1000000 0.675105
667 1000000 0.810563
668 1000000 0.740049
669 1000000 0.421244
670 1000000 0.588711
671 1000000 0.041805
672 1000000 0.519934
673 1000000 0.563291
674 1000000 0.077375
675 1000000 0.558955
676 1000000 0.593614
677 1000000 0.133589
678 1000000 0.343768
679 1000000 0.828993
680 1000000 0.544918
681 1000000 0.552805
682 1000000 0.376882
683 1000000 0.844822
684 1000000 0.876982
685 1000000 0.326717
686 1000000 0.12403
687 1000000 0.593093
688 1000000 0.311574
689 1000000 0.530126
690 1000000 0.186593
691 1000000 0.781486
692 1000000 0.550253
693 1000000 0.850543
694 1000000 0.803074
695 1000000 0.327814
696 1000000 0.734713
697 1000000 0.478179
698 1000000 0.138377
699 1000000 0.474762
700 1000000 0.415775
701 1000000 0.727088
702 1000000 0.032919
703 1000000 0.93571
704 1000000 0.806732
705 1000000 0.110294
706 1000000 0.011017
707 1000000 0.400346
708 1000000 0.760235
709 1000000 0.871137
710 1000000 0.745691
711 1000000 0.305153
712 1000000 0.423943
713 1000000 0.122573
714 1000000 0.666328
715 1000000 0.300925
716 1000000 0.449291
717 1000000 0.30671
718 1000000 0.894018
719 1000000 0.277217
720 1000000 0.836836
721 1000000 0.596963
722 1000000 0.575055
723 1000000 0.38709
724 1000000 0.963858
725 1000000 0.37813
726 1000000 0.714904
727 1000000 0.698571
728 1000000 0.372661
729 1000000 0.369633
730 1000000 0.689685
731 1000000 0.304789
732 1000000 0.613073
733 1000000 0.722604
734 1000000 0.756851
735 1000000 0.419805
736 1000000 0.34925
737 1000000 0.767868
738 1000000 0.336503
739 1000000 0.109485
740 1000000 0.639006
741 1000000 0.082195
742 1000000 0.414639
743 1000000 0.062949
744 1000000 0.72112
745 1000000 0.080967
746 1000000 0.880226
747 1000000 0.686763
748 1000000 0.387677
749 1000000 0.290596
750 1000000 0.963981
751 1000000 0.740865
752 1000000 0.88756
753 1000000 0.539036
754 1000000 0.127955
755 1000000 0.36777
756 1000000 0.433518
757 1000000 0.359211
758 1000000 0.066342
759 1000000 0.322532
760 1000000 0.245196
761 1000000 0.272379
762 1000000 0.627321
763 1000000 0.85827
764 1000000 0.994984
765 1000000 0.384172
766 1000000 0.794427
767 1000000 0.344234
768 1000000 0.15204
769 1000000 0.647283
770 1000000 0.970072
771 1000000 0.307398
772 1000000 0.24583
773 1000000 0.901063
774 1000000 0.370347
775 1000000 0.96695
776 1000000 0.98203
777 1000000 0.250573
778 1000000 0.653714
779 1000000 0.886059
780 1000000 0.057522
781 1000000 0.134047
782 1000000 0.626924
783 1000000 0.945082
784 1000000 0.189435
785 1000000 0.271232
786 1000000 0.829204
787 1000000 0.622954
788 1000000 0.630443
789 1000000 0.411898
790 1000000 0.945486
791 1000000 0.87564
792 1000000 0.684278
793 1000000 0.089159
794 1000000 0.250262
795 1000000 0.679262
796 1000000 0.989683
797 1000000 0.561041
798 1000000 0.539848
799 1000000 0.141723
800 1000000 0.208324
801 1000000 0.026272
802 1000000 0.449122
803 1000000 0.454154
804 1000000 0.927335
805 1000000 0.335821
806 1000000 0.937457
807 1000000 0.909365
808 1000000 0.102747
809 1000000 0.591171
810 1000000 0.311776
811 1000000 0.160269
812 1000000 0.725218
813 1000000 0.938701
814 1000000 0.621703
815 1000000 0.914653
816 1000000 0.209933
817 1000000 0.450907
818 1000000 0.053959
819 1000000 0.356728
820 1000000 0.862806
821 1000000 0.515797
822 1000000 0.74872
823 1000000 0.547084
824 1000000 0.121308
825 1000000 0.515334
826 1000000 0.742698
827 1000000 0.110991
828 1000000 0.076376
829 1000000 0.798898
830 1000000 0.252715
831 1000000 0.801052
832 1000000 0.825171
833 1000000 0.218189
834 1000000 0.771559
835 1000000 0.752506
836 1000000 0.55401
837 1000000 0.709016
838 1000000 0.178224
839 1000000 0.173109
840 1000000 0.816539
841 1000000 0.49
842 1000000 0.333378
843 1000000 0.058109
844 1000000 0.945053
845 1000000 0.955081
846 1000000 0.489114
847 1000000 0.671338
848 1000000 0.405989
849 1000000 0.059426
850 1000000 0.028067
851 1000000 0.785147
852 1000000 0.575223
853 1000000 0.776787
854 1000000 0.332231
855 1000000 0.696532
856 1000000 0.292122
857 1000000 0.591281
858 1000000 0.323875
859 1000000 0.88485
860 1000000 0.390179
861 1000000 0.57659
862 1000000 0.202254
863 1000000 0.21535
864 1000000 0.311131
865 1000000 0.973813
866 1000000 0.967857
867 1000000 0.381494
868 1000000 0.199181
869 1000000 0.146081
870 1000000 0.554603
871 1000000 0.01572
872 1000000 0.152433
873 1000000 0.887982
874 1000000 0.590181
875 1000000 0.097487
876 1000000 0.359415
877 1000000 0.079296
878 1000000 0.768825
879 1000000 0.765404
880 1000000 0.138722
881 1000000 0.796892
882 1000000 0.550551
883 1000000 0.230297
884 1000000 0.090032
885 1000000 0.399134
886 1000000 0.443181
887 1000000 0.898506
888 1000000 0.990415
889 1000000 0.767057
890 1000000 0.299708
891 1000000 0.380595
892 1000000 0.859999
893 1000000 0.501962
894 1000000 0.112297
895 1000000 0.687483
896 1000000 0.475776
897 1000000 0.080154
898 1000000 0.068977
899 1000000 0.191309
900 1000000 0.742587
901 1000000 0.139932
902 1000000 0.723382
903 1000000 0.895021
904 1000000 0.544266
905 1000000 0.313563
906 1000000 0.50886
907 1000000 0.903682
908 1000000 0.909211
909 1000000 0.277685
910 1000000 0.669086
911 1000000 0.564285
912 1000000 0.59093
913 1000000 0.73599
914 1000000 0.794583
915 1000000 0.197314
916 1000000 0.651476
917 1000000 0.754116
918 1000000 0.09582
919 1000000 0.641892
920 1000000 0.037525
921 1000000 0.395528
922 1000000 0.538839
923 1000000 0.897525
924 1000000 0.89749
925 1000000 0.651136
926 1000000 0.10136
927 1000000 0.889618
928 1000000 0.247643
929 1000000 0.170337
930 1000000 0.080928
931 1000000 0.506582
932 1000000 0.826621
933 1000000 0.80431
934 1000000 0.917955
935 1000000 0.370888
936 1000000 0.634225
937 1000000 0.426815
938 1000000 0.27457
939 1000000 0.543437
940 1000000 0.220853
941 1000000 0.460008
942 1000000 0.107722
943 1000000 0.811783
944 1000000 0.71235
945 1000000 0.418657
946 1000000 0.009097
947 1000000 0.363827
948 1000000 0.689126
949 1000000 0.621269
950 1000000 0.522071
951 1000000 0.726651
952 1000000 0.533149
953 1000000 0.06091
954 1000000 0.140528
955 1000000 0.430639
956 1000000 0.228398
957 1000000 0.241888
958 1000000 0.83661
959 1000000 0.992393
960 1000000 0.928577
961 1000000 0.43389
962 1000000 0.498976
963 1000000 0.755199
964 1000000 0.754552
965 1000000 0.416931
966 1000000 0.126087
967 1000000 0.388777
968 1000000 0.360099
969 1000000 0.400657
970 1000000 0.448566
971 1000000 0.580952
972 1000000 0.377017
973 1000000 0.072641
974 1000000 0.392735
975 1000000 0.089368
976 1000000 0.491298
977 1000000 0.918184
978 1000000 0.453195
979 1000000 0.696776
980 1000000 0.055805
981 1000000 0.975266
982 1000000 0.423428
983 1000000 0.588954
984 1000000 0.552528
985 1000000 0.080308
986 1000000 0.019593
987 1000000 0.297278
988 1000000 0.322197
989 1000000 0.372555
990 1000000 0.289672
991 1000000 0.250774
992 1000000 0.806445
993 1000000 0.305
994 1000000 0.522325
995 1000000 0.560997
996 1000000 0.238283
997 1000000 0.648412
998 1000000 0.466127
999 1000000 0.598382
1000 1000000 0.565421
